,blockNum,uniqueId,hash,from,to,value,erc721TokenId,erc1155Metadata,tokenId,asset,category,rawContract,metadata
0,0xfc4c6e,0xe6931a545dc551b10c5c2b185db4339637fade3690f3641a35087307fb6c5331:log:322,0xe6931a545dc551b10c5c2b185db4339637fade3690f3641a35087307fb6c5331,0x135af4d5cfb95ddeb2ad5416c0d14f57fdcb1a95,0x0000000000000000000000000000000000000000,35000.0,,,,SHI,erc20,"{'value': '0x07695a92c20d6fe00000', 'address': '0xad996a45fd2373ed0b10efa4a8ecb9de445a4302', 'decimal': '0x12'}",{'blockTimestamp': '2023-02-01T14:43:35.000Z'}
1,0xfbfa58,0x40e2805a0ad176f21e1b46ed43781e6f3cdfc8f52bf1d9feceff3c4036223e64:log:30,0x40e2805a0ad176f21e1b46ed43781e6f3cdfc8f52bf1d9feceff3c4036223e64,0x15d97869b7882af762970e03da63274b5692e2f9,0xae9daa2d8a9348765887207a1adc92e3bbc73d87,19190.0,,,,SHI,erc20,"{'value': '0x04104abf7f05c2180000', 'address': '0xad996a45fd2373ed0b10efa4a8ecb9de445a4302', 'decimal': '0x12'}",{'blockTimestamp': '2023-01-29T16:19:47.000Z'}
2,0xfbf9e9,0xc6e414e4f89c2787178e95452e998210baafb13049b8f24c1a1c3ce3fc4f45ac:log:42,0xc6e414e4f89c2787178e95452e998210baafb13049b8f24c1a1c3ce3fc4f45ac,0xae9daa2d8a9348765887207a1adc92e3bbc73d87,0x15d97869b7882af762970e03da63274b5692e2f9,19189.873424657533,,,,SHI,erc20,"{'value': '0x041048fdcf6b4d195eaf', 'address': '0xad996a45fd2373ed0b10efa4a8ecb9de445a4302', 'decimal': '0x12'}",{'blockTimestamp': '2023-01-29T15:57:23.000Z'}
3,0xfbbe1d,0x3c8f32a0843c964e7296b5ce7ebddb2addc358fd7836ca6a37585f1c9cc0a3c7:log:20,0x3c8f32a0843c964e7296b5ce7ebddb2addc358fd7836ca6a37585f1c9cc0a3c7,0x8125f6e431c6d352ae786dfdfd46b0a2fad1348f,0xae9daa2d8a9348765887207a1adc92e3bbc73d87,26000.0,,,,SHI,erc20,"{'value': '0x0581767ba6189c400000', 'address': '0xad996a45fd2373ed0b10efa4a8ecb9de445a4302', 'decimal': '0x12'}",{'blockTimestamp': '2023-01-27T12:39:23.000Z'}
4,0xfbbcff,0x22bad8e142a36ea78bb632698117fe3fc442319b5e1ed3f9d6fc911fb597aa7a:log:8,0x22bad8e142a36ea78bb632698117fe3fc442319b5e1ed3f9d6fc911fb597aa7a,0x0d0707963952f2fba59dd06f2b425ace40b492fe,0x8125f6e431c6d352ae786dfdfd46b0a2fad1348f,26000.0,,,,SHI,erc20,"{'value': '0x0581767ba6189c400000', 'address': '0xad996a45fd2373ed0b10efa4a8ecb9de445a4302', 'decimal': '0x12'}",{'blockTimestamp': '2023-01-27T11:41:35.000Z'}
5,0xfb818d,0xe56021dfe06f126587f03a0448236e604e0afcd7dd429a74669d6c87154289f9:log:31,0xe56021dfe06f126587f03a0448236e604e0afcd7dd429a74669d6c87154289f9,0x5d47dd72b6e3df3694bf16abd5095e81d443534c,0xae9daa2d8a9348765887207a1adc92e3bbc73d87,1447.0,,,,SHI,erc20,"{'value': '0x4e7128b177263c0000', 'address': '0xad996a45fd2373ed0b10efa4a8ecb9de445a4302', 'decimal': '0x12'}",{'blockTimestamp': '2023-01-25T08:40:11.000Z'}
6,0xfb2e54,0x0ec48e038e0326d9a22c11a645f4821139c9bd207565ad51b739e01f43aea60c:log:119,0x0ec48e038e0326d9a22c11a645f4821139c9bd207565ad51b739e01f43aea60c,0xded6d65b6e05934496eba317202939781a4a150d,0x0000000000000000000000000000000000000000,42694.7,,,,SHI,erc20,"{'value': '0x090a7bfcb3c8de1e0000', 'address': '0xad996a45fd2373ed0b10efa4a8ecb9de445a4302', 'decimal': '0x12'}",{'blockTimestamp': '2023-01-22T09:17:59.000Z'}
7,0xfb2e33,0x8583005c9fff8edda8b6fe5ad72b9a3cf0a54ace750c6507dd5f3811c80c29ea:log:78,0x8583005c9fff8edda8b6fe5ad72b9a3cf0a54ace750c6507dd5f3811c80c29ea,0xae9daa2d8a9348765887207a1adc92e3bbc73d87,0xded6d65b6e05934496eba317202939781a4a150d,42694.36493150685,,,,SHI,erc20,"{'value': '0x090a77564cc3f071f8fc', 'address': '0xad996a45fd2373ed0b10efa4a8ecb9de445a4302', 'decimal': '0x12'}",{'blockTimestamp': '2023-01-22T09:11:23.000Z'}
8,0xfb14f9,0x0308b032a8f9bbf7b3ed22356ee372e7e8d08afe1321813130652a0b1ea67fed:log:24,0x0308b032a8f9bbf7b3ed22356ee372e7e8d08afe1321813130652a0b1ea67fed,0x5d91f1446717dc02814c660943656985704f20eb,0x32fafa69be1895fc97e0b6ed90760b181b1dd8a0,1004656.20696542,,,,SHI,erc20,"{'value': '0xd4be85a8fa55ffa3b800', 'address': '0xad996a45fd2373ed0b10efa4a8ecb9de445a4302', 'decimal': '0x12'}",{'blockTimestamp': '2023-01-21T11:33:59.000Z'}
9,0xfa8bf3,0xefd720a29be717d8539435af86775d763e2e89816836b6bc9b19f88669f3a8fe:log:264,0xefd720a29be717d8539435af86775d763e2e89816836b6bc9b19f88669f3a8fe,0x8284c3129fd74fbf63bae6f6e0e22a42d4f7c1a9,0xae9daa2d8a9348765887207a1adc92e3bbc73d87,7169.96,,,,SHI,erc20,"{'value': '0x0184af2ef7ec7fc40000', 'address': '0xad996a45fd2373ed0b10efa4a8ecb9de445a4302', 'decimal': '0x12'}",{'blockTimestamp': '2023-01-16T14:04:11.000Z'}
10,0xfa8b66,0xf054e914171432c35956cafa593049ea83e7658001a76bf0be682285044d1c11:log:432,0xf054e914171432c35956cafa593049ea83e7658001a76bf0be682285044d1c11,0x0000000000000000000000000000000000000000,0x8284c3129fd74fbf63bae6f6e0e22a42d4f7c1a9,7169.96,,,,SHI,erc20,"{'value': '0x0184af2ef7ec7fc40000', 'address': '0xad996a45fd2373ed0b10efa4a8ecb9de445a4302', 'decimal': '0x12'}",{'blockTimestamp': '2023-01-16T13:35:59.000Z'}
11,0xf9f3c4,0x28fb7e73bc59cdf9ff16a6ebe95b8aeb229df1e4e924fd46f6cc8d1097050da2:log:112,0x28fb7e73bc59cdf9ff16a6ebe95b8aeb229df1e4e924fd46f6cc8d1097050da2,0x0d0707963952f2fba59dd06f2b425ace40b492fe,0x5d47dd72b6e3df3694bf16abd5095e81d443534c,1447.084618,,,,SHI,erc20,"{'value': '0x4e725551168dd6a000', 'address': '0xad996a45fd2373ed0b10efa4a8ecb9de445a4302', 'decimal': '0x12'}",{'blockTimestamp': '2023-01-11T03:25:35.000Z'}
12,0xf9c69f,0x9a66d79866edddd0c024e7e9886d481462e8ff0d30a2bfc7392747e0acd790ae:log:31,0x9a66d79866edddd0c024e7e9886d481462e8ff0d30a2bfc7392747e0acd790ae,0x0d0707963952f2fba59dd06f2b425ace40b492fe,0x429b6788fa4986134046bcdf486b3de96ac12813,9590.0,,,,SHI,erc20,"{'value': '0x0207dffc2e009c180000', 'address': '0xad996a45fd2373ed0b10efa4a8ecb9de445a4302', 'decimal': '0x12'}",{'blockTimestamp': '2023-01-09T12:41:35.000Z'}
13,0xf97fad,0xfb68ef4496829368d4ea7977b61a17d8c4e9a5cf502e75b5ea140d9ac2c1fed6:log:429,0xfb68ef4496829368d4ea7977b61a17d8c4e9a5cf502e75b5ea140d9ac2c1fed6,0x986c0733920535fb18f557def0905bdbd28af0ae,0xae9daa2d8a9348765887207a1adc92e3bbc73d87,10976.98,,,,SHI,erc20,"{'value': '0x02531032ff77a7620000', 'address': '0xad996a45fd2373ed0b10efa4a8ecb9de445a4302', 'decimal': '0x12'}",{'blockTimestamp': '2023-01-06T23:53:11.000Z'}
14,0xf961bf,0xa6736927439f1aca3b9d98b00e1bd30c38ef1981aa1622668f12c29204c550b2:log:376,0xa6736927439f1aca3b9d98b00e1bd30c38ef1981aa1622668f12c29204c550b2,0x0000000000000000000000000000000000000000,0x986c0733920535fb18f557def0905bdbd28af0ae,10976.98,,,,SHI,erc20,"{'value': '0x02531032ff77a7620000', 'address': '0xad996a45fd2373ed0b10efa4a8ecb9de445a4302', 'decimal': '0x12'}",{'blockTimestamp': '2023-01-05T22:11:59.000Z'}
15,0xf937bc,0x23a30edffa053219dddd938c5de22116286d675bbc7eb18bb0f00a7ca2ba1e9d:log:19,0x23a30edffa053219dddd938c5de22116286d675bbc7eb18bb0f00a7ca2ba1e9d,0xb0f0c2af5a6046bd2ed32f2028e547ce743a8090,0xae9daa2d8a9348765887207a1adc92e3bbc73d87,23649.000000000004,,,,SHI,erc20,"{'value': '0x050203cdca3a5ce40000', 'address': '0xad996a45fd2373ed0b10efa4a8ecb9de445a4302', 'decimal': '0x12'}",{'blockTimestamp': '2023-01-04T10:09:23.000Z'}
16,0xf937ae,0x3db73ca0c6a412266eb1a41e2367b5f828c9ecd6c39352582ce04810b5712d37:log:57,0x3db73ca0c6a412266eb1a41e2367b5f828c9ecd6c39352582ce04810b5712d37,0xae9daa2d8a9348765887207a1adc92e3bbc73d87,0xb0f0c2af5a6046bd2ed32f2028e547ce743a8090,23649.226924931507,,,,SHI,erc20,"{'value': '0x050206f3fd403a094623', 'address': '0xad996a45fd2373ed0b10efa4a8ecb9de445a4302', 'decimal': '0x12'}",{'blockTimestamp': '2023-01-04T10:06:35.000Z'}
17,0xf90b88,0x9ad827aba6f1f1506b62b05d879bb7f3e6d86e32315598525c308aa0e707377e:log:80,0x9ad827aba6f1f1506b62b05d879bb7f3e6d86e32315598525c308aa0e707377e,0x74de5d4fcbf63e00296fd95d33236b9794016631,0xc7730b475ebf025a7190493b10f5ca9889f1e7ff,2300.258326698001,,,,SHI,erc20,"{'value': '0x7cb27f38d744c73295', 'address': '0xad996a45fd2373ed0b10efa4a8ecb9de445a4302', 'decimal': '0x12'}",{'blockTimestamp': '2023-01-02T20:16:11.000Z'}
18,0xf90b88,0x9ad827aba6f1f1506b62b05d879bb7f3e6d86e32315598525c308aa0e707377e:log:76,0x9ad827aba6f1f1506b62b05d879bb7f3e6d86e32315598525c308aa0e707377e,0xf4efa119b67af251449ced01f1ea3f1c59a59c44,0x74de5d4fcbf63e00296fd95d33236b9794016631,2300.258326698001,,,,SHI,erc20,"{'value': '0x7cb27f38d744c73295', 'address': '0xad996a45fd2373ed0b10efa4a8ecb9de445a4302', 'decimal': '0x12'}",{'blockTimestamp': '2023-01-02T20:16:11.000Z'}
19,0xf8fdbe,0x526abf5c06331d588b0a2a338665972e0da8a14261e161a0c051496e97a212b3:log:14,0x526abf5c06331d588b0a2a338665972e0da8a14261e161a0c051496e97a212b3,0x0d0707963952f2fba59dd06f2b425ace40b492fe,0x5d91f1446717dc02814c660943656985704f20eb,434211.80286399997,,,,SHI,erc20,"{'value': '0x5bf2ab438814459f0000', 'address': '0xad996a45fd2373ed0b10efa4a8ecb9de445a4302', 'decimal': '0x12'}",{'blockTimestamp': '2023-01-02T08:26:23.000Z'}
20,0xf8c2f6,0x493f6cf9a9dfac6651607f09c7a31db19e948dbca7712e825e661f8676c71f84:log:10,0x493f6cf9a9dfac6651607f09c7a31db19e948dbca7712e825e661f8676c71f84,0x0d0707963952f2fba59dd06f2b425ace40b492fe,0x5d91f1446717dc02814c660943656985704f20eb,570444.4041014201,,,,SHI,erc20,"{'value': '0x78cbda657241ba04b800', 'address': '0xad996a45fd2373ed0b10efa4a8ecb9de445a4302', 'decimal': '0x12'}",{'blockTimestamp': '2022-12-31T06:05:11.000Z'}
21,0xf89672,0xb77822daccf12ffa572e371bea92a5fafa21bbd7861efb3f2f94616da4f21eb0:log:21,0xb77822daccf12ffa572e371bea92a5fafa21bbd7861efb3f2f94616da4f21eb0,0x0d0707963952f2fba59dd06f2b425ace40b492fe,0x61d9e74805a8cfcc8a837bb171463c02859a242f,1100580.0,,,,SHI,erc20,"{'value': '0xe90e8fb49d3fd6100000', 'address': '0xad996a45fd2373ed0b10efa4a8ecb9de445a4302', 'decimal': '0x12'}",{'blockTimestamp': '2022-12-29T15:55:11.000Z'}
22,0xf89656,0x2e1e55a30c4113f9a8b5b49456058111426fa6e82e38dd8cc897bc466f079428:log:8,0x2e1e55a30c4113f9a8b5b49456058111426fa6e82e38dd8cc897bc466f079428,0x0d0707963952f2fba59dd06f2b425ace40b492fe,0x61d9e74805a8cfcc8a837bb171463c02859a242f,20030.0,,,,SHI,erc20,"{'value': '0x043dd416fc8302380000', 'address': '0xad996a45fd2373ed0b10efa4a8ecb9de445a4302', 'decimal': '0x12'}",{'blockTimestamp': '2022-12-29T15:49:35.000Z'}
23,0xf85bd7,0x4a577f1099ded59ebdaebc3b7ba960fbf0f3a61fb6d816170eaabc67a6a9a6ff:log:134,0x4a577f1099ded59ebdaebc3b7ba960fbf0f3a61fb6d816170eaabc67a6a9a6ff,0xc03e2b80716fde01858b5284174bea3cd655a0c8,0xfeb29f658c1bcd54fd2806d24168041981ed11dc,39351.85754483495,,,,SHI,erc20,"{'value': '0x085544ba95f34e7758fc', 'address': '0xad996a45fd2373ed0b10efa4a8ecb9de445a4302', 'decimal': '0x12'}",{'blockTimestamp': '2022-12-27T13:40:11.000Z'}
24,0xf7fba6,0x0425bcd4b567ff4c2cf190d2eb4a0865eed14fbd8fd8ce0608a50ed4690232f4:log:46,0x0425bcd4b567ff4c2cf190d2eb4a0865eed14fbd8fd8ce0608a50ed4690232f4,0xe66b31678d6c16e9ebf358268a790b763c133750,0x5508fd68280a031331e4c196743adea544c9c713,4289.415825140693,,,,SHI,erc20,"{'value': '0xe8879a46aa9a1411f9', 'address': '0xad996a45fd2373ed0b10efa4a8ecb9de445a4302', 'decimal': '0x12'}",{'blockTimestamp': '2022-12-24T03:09:11.000Z'}
25,0xf7f925,0xfa3d4719e25f5d1611deb87cab9e48ecf131b7b38368fbbfb3ac4a32cf517e92:log:46,0xfa3d4719e25f5d1611deb87cab9e48ecf131b7b38368fbbfb3ac4a32cf517e92,0xe66b31678d6c16e9ebf358268a790b763c133750,0xf4efa119b67af251449ced01f1ea3f1c59a59c44,553.8085121283942,,,,SHI,erc20,"{'value': '0x1e05a31393d88cb034', 'address': '0xad996a45fd2373ed0b10efa4a8ecb9de445a4302', 'decimal': '0x12'}",{'blockTimestamp': '2022-12-24T01:00:35.000Z'}
26,0xf7f925,0xfa3d4719e25f5d1611deb87cab9e48ecf131b7b38368fbbfb3ac4a32cf517e92:log:43,0xfa3d4719e25f5d1611deb87cab9e48ecf131b7b38368fbbfb3ac4a32cf517e92,0x6b7782f58827b6971e75b95c9bdf75e98e51414b,0xe66b31678d6c16e9ebf358268a790b763c133750,4843.224337269087,,,,SHI,erc20,"{'value': '0x01068d3d5a3e72a0c22d', 'address': '0xad996a45fd2373ed0b10efa4a8ecb9de445a4302', 'decimal': '0x12'}",{'blockTimestamp': '2022-12-24T01:00:35.000Z'}
27,0xf7f925,0xfa3d4719e25f5d1611deb87cab9e48ecf131b7b38368fbbfb3ac4a32cf517e92:log:42,0xfa3d4719e25f5d1611deb87cab9e48ecf131b7b38368fbbfb3ac4a32cf517e92,0x6b7782f58827b6971e75b95c9bdf75e98e51414b,0x382ffce2287252f930e1c8dc9328dac5bf282ba1,48.921457952213,,,,SHI,erc20,"{'value': '0x02a6ebeecf7fdd6bfb', 'address': '0xad996a45fd2373ed0b10efa4a8ecb9de445a4302', 'decimal': '0x12'}",{'blockTimestamp': '2022-12-24T01:00:35.000Z'}
28,0xf7e835,0xf8b8d9903d93b4034faf46598e076dbde62ba458967be20566a739b6050b8581:log:101,0xf8b8d9903d93b4034faf46598e076dbde62ba458967be20566a739b6050b8581,0xae9daa2d8a9348765887207a1adc92e3bbc73d87,0x0bbfe595b0a4b6ba24d3f4d7bca4f91576006dfa,55917.808219178085,,,,SHI,erc20,"{'value': '0x0bd74f7a2618dfd349a4', 'address': '0xad996a45fd2373ed0b10efa4a8ecb9de445a4302', 'decimal': '0x12'}",{'blockTimestamp': '2022-12-23T10:31:11.000Z'}
29,0xf74587,0x6c07f2a936f252c9b1021da9f16e8f9ba46e45b2f74cb21f5bfb938716a742fd:log:20,0x6c07f2a936f252c9b1021da9f16e8f9ba46e45b2f74cb21f5bfb938716a742fd,0x5d91f1446717dc02814c660943656985704f20eb,0x32fafa69be1895fc97e0b6ed90760b181b1dd8a0,805761.1854384299,,,,SHI,erc20,"{'value': '0xaaa066c15a86a93f2c00', 'address': '0xad996a45fd2373ed0b10efa4a8ecb9de445a4302', 'decimal': '0x12'}",{'blockTimestamp': '2022-12-17T15:04:11.000Z'}
30,0xf6b351,0xa31bbee0dd9880efb360a8faebe8ccb3fb01f95802d4fe419af1d67aa2fc5c79:log:37,0xa31bbee0dd9880efb360a8faebe8ccb3fb01f95802d4fe419af1d67aa2fc5c79,0xae9daa2d8a9348765887207a1adc92e3bbc73d87,0xbb436383d652cb88aa46edf7bdfc48a8d98d7739,66785.99342465754,,,,SHI,erc20,"{'value': '0x0e2479d8645e1e555eaf', 'address': '0xad996a45fd2373ed0b10efa4a8ecb9de445a4302', 'decimal': '0x12'}",{'blockTimestamp': '2022-12-12T09:33:11.000Z'}
31,0xf68dde,0xc5ce31ae3d3a625ce7ef03f5222d1d2f36955b1ddba97a8925dfe9fde52b40e0:log:171,0xc5ce31ae3d3a625ce7ef03f5222d1d2f36955b1ddba97a8925dfe9fde52b40e0,0x2c9805430b738e3a72570efc6444b2e68e55867a,0x3e8e9da82440c7e1bd3d38a53bb007b1cfdb0716,552.147086592009,,,,SHI,erc20,"{'value': '0x1dee9481dad38c4426', 'address': '0xad996a45fd2373ed0b10efa4a8ecb9de445a4302', 'decimal': '0x12'}",{'blockTimestamp': '2022-12-11T01:25:35.000Z'}
32,0xf68af4,0x8e8a2e5b6b51df789189cd4d95d352224a58920e8dc81ba5dad86bed05cac7f3:log:72,0x8e8a2e5b6b51df789189cd4d95d352224a58920e8dc81ba5dad86bed05cac7f3,0xe66b31678d6c16e9ebf358268a790b763c133750,0x2c9805430b738e3a72570efc6444b2e68e55867a,552.147086592009,,,,SHI,erc20,"{'value': '0x1dee9481dad38c4426', 'address': '0xad996a45fd2373ed0b10efa4a8ecb9de445a4302', 'decimal': '0x12'}",{'blockTimestamp': '2022-12-10T22:55:59.000Z'}
33,0xf68af4,0x8e8a2e5b6b51df789189cd4d95d352224a58920e8dc81ba5dad86bed05cac7f3:log:69,0x8e8a2e5b6b51df789189cd4d95d352224a58920e8dc81ba5dad86bed05cac7f3,0xf4efa119b67af251449ced01f1ea3f1c59a59c44,0xe66b31678d6c16e9ebf358268a790b763c133750,552.147086592009,,,,SHI,erc20,"{'value': '0x1dee9481dad38c4426', 'address': '0xad996a45fd2373ed0b10efa4a8ecb9de445a4302', 'decimal': '0x12'}",{'blockTimestamp': '2022-12-10T22:55:59.000Z'}
34,0xf65158,0x374343e134bbf01f60b15b9ac6c67ba7d5cdd37dc30557ac96d5d0fadd921279:log:171,0x374343e134bbf01f60b15b9ac6c67ba7d5cdd37dc30557ac96d5d0fadd921279,0x5508fd68280a031331e4c196743adea544c9c713,0x0000000000000000000000000000000000000000,6601.240000000001,,,,SHI,erc20,"{'value': '0x0165da9ba521ab9c0000', 'address': '0xad996a45fd2373ed0b10efa4a8ecb9de445a4302', 'decimal': '0x12'}",{'blockTimestamp': '2022-12-08T21:28:59.000Z'}
35,0xf650fa,0xdbe705ba5848bc472b478a6496c641d0e3a611c2b5a5ab63628130aaaad101a2:log:146,0xdbe705ba5848bc472b478a6496c641d0e3a611c2b5a5ab63628130aaaad101a2,0xe66b31678d6c16e9ebf358268a790b763c133750,0x5508fd68280a031331e4c196743adea544c9c713,6601.249209380015,,,,SHI,erc20,"{'value': '0x0165dabc5d038bff5db0', 'address': '0xad996a45fd2373ed0b10efa4a8ecb9de445a4302', 'decimal': '0x12'}",{'blockTimestamp': '2022-12-08T21:10:11.000Z'}
36,0xf6509f,0x0b4187f36f414a138ef6da91c32f6a5cc6a27ddb4cbe6c2c12864527284dd410:log:130,0x0b4187f36f414a138ef6da91c32f6a5cc6a27ddb4cbe6c2c12864527284dd410,0xe66b31678d6c16e9ebf358268a790b763c133750,0xf4efa119b67af251449ced01f1ea3f1c59a59c44,1824.5733021410724,,,,SHI,erc20,"{'value': '0x62e90a874b2c163d50', 'address': '0xad996a45fd2373ed0b10efa4a8ecb9de445a4302', 'decimal': '0x12'}",{'blockTimestamp': '2022-12-08T20:51:47.000Z'}
37,0xf6509f,0x0b4187f36f414a138ef6da91c32f6a5cc6a27ddb4cbe6c2c12864527284dd410:log:126,0x0b4187f36f414a138ef6da91c32f6a5cc6a27ddb4cbe6c2c12864527284dd410,0x6b7782f58827b6971e75b95c9bdf75e98e51414b,0xe66b31678d6c16e9ebf358268a790b763c133750,8425.822511521086,,,,SHI,erc20,"{'value': '0x01c8c3c6e44eb8159b00', 'address': '0xad996a45fd2373ed0b10efa4a8ecb9de445a4302', 'decimal': '0x12'}",{'blockTimestamp': '2022-12-08T20:51:47.000Z'}
38,0xf6509f,0x0b4187f36f414a138ef6da91c32f6a5cc6a27ddb4cbe6c2c12864527284dd410:log:125,0x0b4187f36f414a138ef6da91c32f6a5cc6a27ddb4cbe6c2c12864527284dd410,0x6b7782f58827b6971e75b95c9bdf75e98e51414b,0x382ffce2287252f930e1c8dc9328dac5bf282ba1,85.1093182981928,,,,SHI,erc20,"{'value': '0x049d210a104f6f6900', 'address': '0xad996a45fd2373ed0b10efa4a8ecb9de445a4302', 'decimal': '0x12'}",{'blockTimestamp': '2022-12-08T20:51:47.000Z'}
39,0xf61aee,0x36a0a840f2500292f19ae8b5ff9ee2e48c1ccbaad0b864fd443d4be29bf46e3b:log:156,0x36a0a840f2500292f19ae8b5ff9ee2e48c1ccbaad0b864fd443d4be29bf46e3b,0xcaa4a720cdfefb765ce9f42046b4a64dbeb1f018,0x6b7782f58827b6971e75b95c9bdf75e98e51414b,12803.969720338264,,,,SHI,erc20,"{'value': '0x02b61ac65e4f03dc5af2', 'address': '0xad996a45fd2373ed0b10efa4a8ecb9de445a4302', 'decimal': '0x12'}",{'blockTimestamp': '2022-12-06T22:30:35.000Z'}
40,0xf61ae6,0x07377250a22c4706be6832260b0167f4fc2c09b2e6025e343f8f9d71295d30ba:log:134,0x07377250a22c4706be6832260b0167f4fc2c09b2e6025e343f8f9d71295d30ba,0xe66b31678d6c16e9ebf358268a790b763c133750,0x6b7782f58827b6971e75b95c9bdf75e98e51414b,599.1079047023164,,,,SHI,erc20,"{'value': '0x207a4ad91df626d736', 'address': '0xad996a45fd2373ed0b10efa4a8ecb9de445a4302', 'decimal': '0x12'}",{'blockTimestamp': '2022-12-06T22:28:59.000Z'}
41,0xf61ae6,0x07377250a22c4706be6832260b0167f4fc2c09b2e6025e343f8f9d71295d30ba:log:131,0x07377250a22c4706be6832260b0167f4fc2c09b2e6025e343f8f9d71295d30ba,0xf4efa119b67af251449ced01f1ea3f1c59a59c44,0xe66b31678d6c16e9ebf358268a790b763c133750,599.1079047023164,,,,SHI,erc20,"{'value': '0x207a4ad91df626d736', 'address': '0xad996a45fd2373ed0b10efa4a8ecb9de445a4302', 'decimal': '0x12'}",{'blockTimestamp': '2022-12-06T22:28:59.000Z'}
42,0xf5ca1b,0x5392945036087d7222f79288247f26a5c938021e35e935c6710e98ad54494518:log:21,0x5392945036087d7222f79288247f26a5c938021e35e935c6710e98ad54494518,0x986c0733920535fb18f557def0905bdbd28af0ae,0xae9daa2d8a9348765887207a1adc92e3bbc73d87,13097.480000000001,,,,SHI,erc20,"{'value': '0x02c6040c5a93af340000', 'address': '0xad996a45fd2373ed0b10efa4a8ecb9de445a4302', 'decimal': '0x12'}",{'blockTimestamp': '2022-12-04T01:06:59.000Z'}
43,0xf5ca0f,0xb8f55cdac915039af33a51b9c26bbd36667610bb03a56ee44cb0674798280c43:log:181,0xb8f55cdac915039af33a51b9c26bbd36667610bb03a56ee44cb0674798280c43,0x0000000000000000000000000000000000000000,0x986c0733920535fb18f557def0905bdbd28af0ae,13097.480000000001,,,,SHI,erc20,"{'value': '0x02c6040c5a93af340000', 'address': '0xad996a45fd2373ed0b10efa4a8ecb9de445a4302', 'decimal': '0x12'}",{'blockTimestamp': '2022-12-04T01:04:35.000Z'}
44,0xf5be80,0x33f4fe497067172b35dec6772082b7acb21960e0262c0ba6b916717c815d1d4d:log:48,0x33f4fe497067172b35dec6772082b7acb21960e0262c0ba6b916717c815d1d4d,0x2469d38ccd67d7882f80de38b3975fa24509666e,0xae9daa2d8a9348765887207a1adc92e3bbc73d87,60000.0,,,,SHI,erc20,"{'value': '0x0cb49b44ba602d800000', 'address': '0xad996a45fd2373ed0b10efa4a8ecb9de445a4302', 'decimal': '0x12'}",{'blockTimestamp': '2022-12-03T15:09:23.000Z'}
45,0xf5be6f,0x8997e1ad920e0b60921f02d762df44cde08bac48ccedea83ed8e8000de7e2327:log:55,0x8997e1ad920e0b60921f02d762df44cde08bac48ccedea83ed8e8000de7e2327,0xae9daa2d8a9348765887207a1adc92e3bbc73d87,0x2469d38ccd67d7882f80de38b3975fa24509666e,67101.3698630137,,,,SHI,erc20,"{'value': '0x0e359292941dd963f1f8', 'address': '0xad996a45fd2373ed0b10efa4a8ecb9de445a4302', 'decimal': '0x12'}",{'blockTimestamp': '2022-12-03T15:05:59.000Z'}
46,0xf59f22,0xeaf582c15f82ee8ad011830fc0af5eaf7dba8da8a89da96be6591417cd41809f:log:79,0xeaf582c15f82ee8ad011830fc0af5eaf7dba8da8a89da96be6591417cd41809f,0xc3a72846c3867b8e4bddd0839b0a134f481ee9dd,0xc2e73bc48591b6bb293a8e4e256cc92e8eb30e5f,1219.9916775323327,,,,SHI,erc20,"{'value': '0x4222c91eec37984ac6', 'address': '0xad996a45fd2373ed0b10efa4a8ecb9de445a4302', 'decimal': '0x12'}",{'blockTimestamp': '2022-12-02T12:15:11.000Z'}
47,0xf59f05,0x079d6fb7b19b8fafcee672b9af1d7693d8db92f5a396a6d9a144f3e026fb833d:log:46,0x079d6fb7b19b8fafcee672b9af1d7693d8db92f5a396a6d9a144f3e026fb833d,0x74de5d4fcbf63e00296fd95d33236b9794016631,0xc3a72846c3867b8e4bddd0839b0a134f481ee9dd,1219.9916775323327,,,,SHI,erc20,"{'value': '0x4222c91eec37984ac6', 'address': '0xad996a45fd2373ed0b10efa4a8ecb9de445a4302', 'decimal': '0x12'}",{'blockTimestamp': '2022-12-02T12:09:23.000Z'}
48,0xf59f05,0x079d6fb7b19b8fafcee672b9af1d7693d8db92f5a396a6d9a144f3e026fb833d:log:42,0x079d6fb7b19b8fafcee672b9af1d7693d8db92f5a396a6d9a144f3e026fb833d,0xf4efa119b67af251449ced01f1ea3f1c59a59c44,0x74de5d4fcbf63e00296fd95d33236b9794016631,1219.9916775323327,,,,SHI,erc20,"{'value': '0x4222c91eec37984ac6', 'address': '0xad996a45fd2373ed0b10efa4a8ecb9de445a4302', 'decimal': '0x12'}",{'blockTimestamp': '2022-12-02T12:09:23.000Z'}
49,0xf58a11,0xf3e9d3e82174711513a03cdbfa24ff609ca1476365a223b87f2b1940ca97952c:log:28,0xf3e9d3e82174711513a03cdbfa24ff609ca1476365a223b87f2b1940ca97952c,0xf00384f71718e25e38c050d637e232f60dc6fc2d,0xae9daa2d8a9348765887207a1adc92e3bbc73d87,11228.173,,,,SHI,erc20,"{'value': '0x0260ae33ce1700148000', 'address': '0xad996a45fd2373ed0b10efa4a8ecb9de445a4302', 'decimal': '0x12'}",{'blockTimestamp': '2022-12-01T18:12:23.000Z'}
50,0xf58a00,0xd740467733437380c92fb2aecf64c30a3711bedf0447f474212fb8580a028103:log:13,0xd740467733437380c92fb2aecf64c30a3711bedf0447f474212fb8580a028103,0xae9daa2d8a9348765887207a1adc92e3bbc73d87,0xf00384f71718e25e38c050d637e232f60dc6fc2d,11227.177534246575,,,,SHI,erc20,"{'value': '0x0260a0633342e5230381', 'address': '0xad996a45fd2373ed0b10efa4a8ecb9de445a4302', 'decimal': '0x12'}",{'blockTimestamp': '2022-12-01T18:08:59.000Z'}
51,0xf585aa,0x6eca491455fa0fe433f5549a803f6fd6d31fa2e5813a2a67e900223114959d77:log:132,0x6eca491455fa0fe433f5549a803f6fd6d31fa2e5813a2a67e900223114959d77,0xcfdc1e20202e0cee7edb9981e1a7c8ea4865702c,0x0000000000000000000000000000000000000000,174613.0,,,,SHI,erc20,"{'value': '0x24f9ca2998ad23340000', 'address': '0xad996a45fd2373ed0b10efa4a8ecb9de445a4302', 'decimal': '0x12'}",{'blockTimestamp': '2022-12-01T14:25:23.000Z'}
52,0xf5856d,0xba387397363f744fd411d8363cd322e44482df1510be650bbb9ce90a7e7709af:log:181,0xba387397363f744fd411d8363cd322e44482df1510be650bbb9ce90a7e7709af,0x5f807debc24f673448c29db464240c1ba6d0612e,0xcfdc1e20202e0cee7edb9981e1a7c8ea4865702c,174613.9267055626,,,,SHI,erc20,"{'value': '0x24f9d705ea79c2199710', 'address': '0xad996a45fd2373ed0b10efa4a8ecb9de445a4302', 'decimal': '0x12'}",{'blockTimestamp': '2022-12-01T14:12:59.000Z'}
53,0xf58545,0x43841d436805783900753ff7f6d0d2274c4469dff56490c9f345a25f3719b3c8:log:295,0x43841d436805783900753ff7f6d0d2274c4469dff56490c9f345a25f3719b3c8,0x0000000000000000000000000000000000000000,0x5f807debc24f673448c29db464240c1ba6d0612e,174612.98,,,,SHI,erc20,"{'value': '0x24f9c9e28ac843b20000', 'address': '0xad996a45fd2373ed0b10efa4a8ecb9de445a4302', 'decimal': '0x12'}",{'blockTimestamp': '2022-12-01T14:04:59.000Z'}
54,0xf567fa,0x5ee3eed87bd204db088b476db852b3e56a5550c34e392d428dffb6a360b24ab8:log:156,0x5ee3eed87bd204db088b476db852b3e56a5550c34e392d428dffb6a360b24ab8,0x0d0707963952f2fba59dd06f2b425ace40b492fe,0x5d91f1446717dc02814c660943656985704f20eb,267124.77079,,,,SHI,erc20,"{'value': '0x3890dce321d017bc6000', 'address': '0xad996a45fd2373ed0b10efa4a8ecb9de445a4302', 'decimal': '0x12'}",{'blockTimestamp': '2022-11-30T12:55:23.000Z'}
55,0xf56351,0x0a0ef354169d25dc105782224b9015f70a033479c7b2a442fce5f3e6f225979e:log:130,0x0a0ef354169d25dc105782224b9015f70a033479c7b2a442fce5f3e6f225979e,0x0d0707963952f2fba59dd06f2b425ace40b492fe,0x5d91f1446717dc02814c660943656985704f20eb,538636.41464843,,,,SHI,erc20,"{'value': '0x720f89de38b69182cc00', 'address': '0xad996a45fd2373ed0b10efa4a8ecb9de445a4302', 'decimal': '0x12'}",{'blockTimestamp': '2022-11-30T08:55:11.000Z'}
56,0xf50c81,0xb6929d7b9fbf607aa61ac65173cd1c36b45700f9631954ae43e65db88d8dc1d6:log:62,0xb6929d7b9fbf607aa61ac65173cd1c36b45700f9631954ae43e65db88d8dc1d6,0x623c72cb71dd583de01ada0ae48f01423bb904fd,0x5427fefa711eff984124bfbb1ab6fbf5e3da1820,84271.99106661842,,,,SHI,erc20,"{'value': '0x11d864cf66f1eb0e83f6', 'address': '0xad996a45fd2373ed0b10efa4a8ecb9de445a4302', 'decimal': '0x12'}",{'blockTimestamp': '2022-11-27T06:26:35.000Z'}
57,0xf4e151,0x3a4b0608cc476e9e0c89f6294a4c9dbee9f79bdb729533ab965402d3796eb408:log:138,0x3a4b0608cc476e9e0c89f6294a4c9dbee9f79bdb729533ab965402d3796eb408,0xd8df27accdb4457bcf93eb92ecfb6fab273e23b3,0x0d0707963952f2fba59dd06f2b425ace40b492fe,12852914.0,,,,SHI,erc20,"{'value': '0x0aa1b5dd343f181b880000', 'address': '0xad996a45fd2373ed0b10efa4a8ecb9de445a4302', 'decimal': '0x12'}",{'blockTimestamp': '2022-11-25T17:23:59.000Z'}
58,0xf4d92e,0xb46f51cd46c60a62cf9e3a3f1de06386ac086b53fcdfc9fe5ec7926a7a53c9c0:log:90,0xb46f51cd46c60a62cf9e3a3f1de06386ac086b53fcdfc9fe5ec7926a7a53c9c0,0x7c21a429766095e087f437e457e5d6c78ad021c5,0x5427fefa711eff984124bfbb1ab6fbf5e3da1820,191673.12812788738,,,,SHI,erc20,"{'value': '0x28969f00288ea36e742d', 'address': '0xad996a45fd2373ed0b10efa4a8ecb9de445a4302', 'decimal': '0x12'}",{'blockTimestamp': '2022-11-25T10:24:11.000Z'}
59,0xf4aa4e,0x3bdfe19ff9b578a401997a813127b59f70c47ef6f6c60da7996c950d4a7aa5a2:log:91,0x3bdfe19ff9b578a401997a813127b59f70c47ef6f6c60da7996c950d4a7aa5a2,0x279d77567be1a009d1ddd76ea887d9761a460e9d,0xae9daa2d8a9348765887207a1adc92e3bbc73d87,73124.621,,,,SHI,erc20,"{'value': '0x0f7c17f948a745948000', 'address': '0xad996a45fd2373ed0b10efa4a8ecb9de445a4302', 'decimal': '0x12'}",{'blockTimestamp': '2022-11-23T18:07:47.000Z'}
60,0xf4aa34,0x938becaa34d688d292c05709b11a11cc85547fa2b5476c85d6557f9d6603d99a:log:29,0x938becaa34d688d292c05709b11a11cc85547fa2b5476c85d6557f9d6603d99a,0xae9daa2d8a9348765887207a1adc92e3bbc73d87,0x279d77567be1a009d1ddd76ea887d9761a460e9d,34147.64108493151,,,,SHI,erc20,"{'value': '0x073b25b794c9ecfe4623', 'address': '0xad996a45fd2373ed0b10efa4a8ecb9de445a4302', 'decimal': '0x12'}",{'blockTimestamp': '2022-11-23T18:02:23.000Z'}
61,0xf46506,0xb23fcf3b7bd5818b6bd5e2c89635b1d9c0b9c291731b9519aebfe43ed789f7a9:log:96,0xb23fcf3b7bd5818b6bd5e2c89635b1d9c0b9c291731b9519aebfe43ed789f7a9,0x5d91f1446717dc02814c660943656985704f20eb,0x32fafa69be1895fc97e0b6ed90760b181b1dd8a0,713624.56600545,,,,SHI,erc20,"{'value': '0x971daa4d2cf64b8f6400', 'address': '0xad996a45fd2373ed0b10efa4a8ecb9de445a4302', 'decimal': '0x12'}",{'blockTimestamp': '2022-11-21T06:37:35.000Z'}
62,0xf43a1f,0x54a6ba687a90cd3144f8aeba4f09bf488b77a107dd32e41d5d1529845e45c12e:log:139,0x54a6ba687a90cd3144f8aeba4f09bf488b77a107dd32e41d5d1529845e45c12e,0xab1b7894ac6db92e448303bc74b3a24f4cd3071c,0x4d58765916179e48fef6a78a3f88a7790ce7d2aa,7623.319015789468,,,,SHI,erc20,"{'value': '0x019d42cdbec90bb391de', 'address': '0xad996a45fd2373ed0b10efa4a8ecb9de445a4302', 'decimal': '0x12'}",{'blockTimestamp': '2022-11-19T17:50:23.000Z'}
63,0xf42850,0x6b189c73cba1983292eb886e78b2f47fe1109c725a70144022ae280774402c8f:log:109,0x6b189c73cba1983292eb886e78b2f47fe1109c725a70144022ae280774402c8f,0x65217225ec3c7f732494bf2a477340428e9d62c9,0x5427fefa711eff984124bfbb1ab6fbf5e3da1820,83788.705551,,,,SHI,erc20,"{'value': '0x11be31e0570be39bf000', 'address': '0xad996a45fd2373ed0b10efa4a8ecb9de445a4302', 'decimal': '0x12'}",{'blockTimestamp': '2022-11-19T02:33:47.000Z'}
64,0xf42685,0x91ceed971bb18d85ca27c840f4329d27fc4033d31c9d400c99fd88a087817af7:log:83,0x91ceed971bb18d85ca27c840f4329d27fc4033d31c9d400c99fd88a087817af7,0xbb28bb9bca4f269e775c0d800c4603ac94838df3,0x65217225ec3c7f732494bf2a477340428e9d62c9,83788.705551,,,,SHI,erc20,"{'value': '0x11be31e0570be39bf000', 'address': '0xad996a45fd2373ed0b10efa4a8ecb9de445a4302', 'decimal': '0x12'}",{'blockTimestamp': '2022-11-19T01:01:35.000Z'}
65,0xf41d68,0x631badcc8d15562f6dab3bf9180e7ded2ba790722de6df108652207ea0d51d7d:log:134,0x631badcc8d15562f6dab3bf9180e7ded2ba790722de6df108652207ea0d51d7d,0xe16deb6bfb8b1771b83030cdfd881165f633e69d,0xae9daa2d8a9348765887207a1adc92e3bbc73d87,60000.0,,,,SHI,erc20,"{'value': '0x0cb49b44ba602d800000', 'address': '0xad996a45fd2373ed0b10efa4a8ecb9de445a4302', 'decimal': '0x12'}",{'blockTimestamp': '2022-11-18T17:12:23.000Z'}
66,0xf41d61,0x95987a9f97672883470c391893029a55252e9b8051921dbdf0dcdf8c2bcdbe10:log:42,0x95987a9f97672883470c391893029a55252e9b8051921dbdf0dcdf8c2bcdbe10,0xe16deb6bfb8b1771b83030cdfd881165f633e69d,0xae9daa2d8a9348765887207a1adc92e3bbc73d87,40000.0,,,,SHI,erc20,"{'value': '0x0878678326eac9000000', 'address': '0xad996a45fd2373ed0b10efa4a8ecb9de445a4302', 'decimal': '0x12'}",{'blockTimestamp': '2022-11-18T17:10:47.000Z'}
67,0xf41cc8,0x1d96b286621ead60716df41a010190f1bf9da216de47559a85f60b370e996c04:log:182,0x1d96b286621ead60716df41a010190f1bf9da216de47559a85f60b370e996c04,0x5427fefa711eff984124bfbb1ab6fbf5e3da1820,0xe16deb6bfb8b1771b83030cdfd881165f633e69d,122689.91440277333,,,,SHI,erc20,"{'value': '0x19fb0899264be21ef855', 'address': '0xad996a45fd2373ed0b10efa4a8ecb9de445a4302', 'decimal': '0x12'}",{'blockTimestamp': '2022-11-18T16:39:59.000Z'}
68,0xf3dddf,0xedab576d28d6361582dbb747f9ae792fba5080ca035dab44f2d5c56c3bf7ba20:log:53,0xedab576d28d6361582dbb747f9ae792fba5080ca035dab44f2d5c56c3bf7ba20,0x9e50c24572d318738579e826afdf52700da5a4cd,0xae9daa2d8a9348765887207a1adc92e3bbc73d87,29994.98,,,,SHI,erc20,"{'value': '0x065a07f7bdc8f24a0000', 'address': '0xad996a45fd2373ed0b10efa4a8ecb9de445a4302', 'decimal': '0x12'}",{'blockTimestamp': '2022-11-16T10:39:35.000Z'}
69,0xf3dd7c,0xa222356076c00c2716975f6308a9610b813a56dc871279bb310a059eb5787e31:log:179,0xa222356076c00c2716975f6308a9610b813a56dc871279bb310a059eb5787e31,0x0000000000000000000000000000000000000000,0x9e50c24572d318738579e826afdf52700da5a4cd,29994.98,,,,SHI,erc20,"{'value': '0x065a07f7bdc8f24a0000', 'address': '0xad996a45fd2373ed0b10efa4a8ecb9de445a4302', 'decimal': '0x12'}",{'blockTimestamp': '2022-11-16T10:19:47.000Z'}
70,0xf3d84f,0x2a1ac16ca6d5f34c79b02866655ae5f7d08f8025d22c64571dacd1d35ef9ed7e:log:17,0x2a1ac16ca6d5f34c79b02866655ae5f7d08f8025d22c64571dacd1d35ef9ed7e,0xb0a1c1d3f2d17c30a7401d312259eca7f5ae3c29,0xae9daa2d8a9348765887207a1adc92e3bbc73d87,55720.98,,,,SHI,erc20,"{'value': '0x0bcca3efd79865820000', 'address': '0xad996a45fd2373ed0b10efa4a8ecb9de445a4302', 'decimal': '0x12'}",{'blockTimestamp': '2022-11-16T05:53:23.000Z'}
71,0xf3d0bd,0x44d75ed1f6e4ce58f386df20ea633b8e0eb0797767026bc35d60d75e2bdab9a6:log:30,0x44d75ed1f6e4ce58f386df20ea633b8e0eb0797767026bc35d60d75e2bdab9a6,0xa667d99f1f127d18a42ab895e466754ccd7683a8,0xae9daa2d8a9348765887207a1adc92e3bbc73d87,22891.0,,,,SHI,erc20,"{'value': '0x04d8ec70d248bacc0000', 'address': '0xad996a45fd2373ed0b10efa4a8ecb9de445a4302', 'decimal': '0x12'}",{'blockTimestamp': '2022-11-15T23:23:11.000Z'}
72,0xf3d08d,0x74ad99b02e806cc14f8d8627af57e893f460d8bf753097433a3dffa632ed37a0:log:184,0x74ad99b02e806cc14f8d8627af57e893f460d8bf753097433a3dffa632ed37a0,0x0d0707963952f2fba59dd06f2b425ace40b492fe,0xa667d99f1f127d18a42ab895e466754ccd7683a8,22891.822816,,,,SHI,erc20,"{'value': '0x04d8f7dc0d139e4e0000', 'address': '0xad996a45fd2373ed0b10efa4a8ecb9de445a4302', 'decimal': '0x12'}",{'blockTimestamp': '2022-11-15T23:13:35.000Z'}
73,0xf3cd9d,0x61d9d023687f5b942657965bfa7f6c0e026737a8e3cc6ea4bc6671db3a2aec7a:log:59,0x61d9d023687f5b942657965bfa7f6c0e026737a8e3cc6ea4bc6671db3a2aec7a,0x5c309cf8040ea04e2a8ea88d9d29cc904d8cc422,0xae9daa2d8a9348765887207a1adc92e3bbc73d87,36000.0,,,,SHI,erc20,"{'value': '0x079f905c6fd34e800000', 'address': '0xad996a45fd2373ed0b10efa4a8ecb9de445a4302', 'decimal': '0x12'}",{'blockTimestamp': '2022-11-15T20:42:35.000Z'}
74,0xf3cd8a,0x03d47275b7934832285c4c99f27d9a3568fb8821b2b98b67fae8838e6b29d4cf:log:286,0x03d47275b7934832285c4c99f27d9a3568fb8821b2b98b67fae8838e6b29d4cf,0x0000000000000000000000000000000000000000,0x5c309cf8040ea04e2a8ea88d9d29cc904d8cc422,39788.079999999994,,,,SHI,erc20,"{'value': '0x086cea8811b7a8380000', 'address': '0xad996a45fd2373ed0b10efa4a8ecb9de445a4302', 'decimal': '0x12'}",{'blockTimestamp': '2022-11-15T20:38:47.000Z'}
75,0xf3cd41,0xd89adf862a9c4323200036b1d08097db58d44b6133190d118725a06d86ce4b0a:log:647,0xd89adf862a9c4323200036b1d08097db58d44b6133190d118725a06d86ce4b0a,0xe30990f9587f75245ac4b5b1c8cbfb7a35b6f660,0xae9daa2d8a9348765887207a1adc92e3bbc73d87,31000.000000000004,,,,SHI,erc20,"{'value': '0x0690836c0af5f5600000', 'address': '0xad996a45fd2373ed0b10efa4a8ecb9de445a4302', 'decimal': '0x12'}",{'blockTimestamp': '2022-11-15T20:23:47.000Z'}
76,0xf3cb56,0xea3d069120e36947e3f96df2642b66f0db46d69bf18e676f6ce2bde6cc1ce98c:log:246,0xea3d069120e36947e3f96df2642b66f0db46d69bf18e676f6ce2bde6cc1ce98c,0x86a23905ad5dbfd694449b94bcf85726e478476e,0xae9daa2d8a9348765887207a1adc92e3bbc73d87,28976.0,,,,SHI,erc20,"{'value': '0x0622cac78e9286c00000', 'address': '0xad996a45fd2373ed0b10efa4a8ecb9de445a4302', 'decimal': '0x12'}",{'blockTimestamp': '2022-11-15T18:44:47.000Z'}
77,0xf3be74,0x00656177b7f6f7d21692bb0076df8fe2a80fb778f44d260e438cadb763db3be3:log:158,0x00656177b7f6f7d21692bb0076df8fe2a80fb778f44d260e438cadb763db3be3,0xebb0bd06afa3387fc8f5dae7160702c9e885dd85,0xae9daa2d8a9348765887207a1adc92e3bbc73d87,16581.08,,,,SHI,erc20,"{'value': '0x0382dcb5b9ac4dfc0000', 'address': '0xad996a45fd2373ed0b10efa4a8ecb9de445a4302', 'decimal': '0x12'}",{'blockTimestamp': '2022-11-15T07:39:59.000Z'}
78,0xf3bdf4,0xebf20ad0259bbf6044406c57e978211af1ec2cd15bd2aa51163d2c3d51a9298c:log:224,0xebf20ad0259bbf6044406c57e978211af1ec2cd15bd2aa51163d2c3d51a9298c,0x0000000000000000000000000000000000000000,0xebb0bd06afa3387fc8f5dae7160702c9e885dd85,16581.08,,,,SHI,erc20,"{'value': '0x0382dcb5b9ac4dfc0000', 'address': '0xad996a45fd2373ed0b10efa4a8ecb9de445a4302', 'decimal': '0x12'}",{'blockTimestamp': '2022-11-15T07:14:23.000Z'}
79,0xf3b372,0x5bfc2477edc79897dada2291cf07eafd8a84fff0b690edded5961740b57c3b04:log:165,0x5bfc2477edc79897dada2291cf07eafd8a84fff0b690edded5961740b57c3b04,0x3b9ee75e54395c8d46c549faa054657042e2ff34,0xae9daa2d8a9348765887207a1adc92e3bbc73d87,24409.980000000003,,,,SHI,erc20,"{'value': '0x052b4485d86215a60000', 'address': '0xad996a45fd2373ed0b10efa4a8ecb9de445a4302', 'decimal': '0x12'}",{'blockTimestamp': '2022-11-14T22:12:59.000Z'}
80,0xf3b1a9,0x9f9ef431ccfc175aae15cea9353493c0d5d97865a6923dce2652258ccf2dc013:log:274,0x9f9ef431ccfc175aae15cea9353493c0d5d97865a6923dce2652258ccf2dc013,0xb2cf6e69a607c62b157feef0f68756b1fea9e461,0xae9daa2d8a9348765887207a1adc92e3bbc73d87,15976.98,,,,SHI,erc20,"{'value': '0x03621d23645500820000', 'address': '0xad996a45fd2373ed0b10efa4a8ecb9de445a4302', 'decimal': '0x12'}",{'blockTimestamp': '2022-11-14T20:41:23.000Z'}
81,0xf3b0a1,0xa103eacf46bf0695145abcefec5dd77fc58ba1c1bf18ec70dda6fc03e7fde358:log:308,0xa103eacf46bf0695145abcefec5dd77fc58ba1c1bf18ec70dda6fc03e7fde358,0x0000000000000000000000000000000000000000,0xb2cf6e69a607c62b157feef0f68756b1fea9e461,15976.98,,,,SHI,erc20,"{'value': '0x03621d23645500820000', 'address': '0xad996a45fd2373ed0b10efa4a8ecb9de445a4302', 'decimal': '0x12'}",{'blockTimestamp': '2022-11-14T19:47:47.000Z'}
82,0xf3b014,0xc7c49ac20a3eff1fc017d12dd21f03aa9ce352c3931199203f442fec33558558:log:261,0xc7c49ac20a3eff1fc017d12dd21f03aa9ce352c3931199203f442fec33558558,0x0000000000000000000000000000000000000000,0x3b9ee75e54395c8d46c549faa054657042e2ff34,24409.980000000003,,,,SHI,erc20,"{'value': '0x052b4485d86215a60000', 'address': '0xad996a45fd2373ed0b10efa4a8ecb9de445a4302', 'decimal': '0x12'}",{'blockTimestamp': '2022-11-14T19:19:35.000Z'}
83,0xf3aeea,0xeff5fca33e345cf31f30df5877b71f3158c4d07b28378f9ab683c4c791a4b6d0:log:235,0xeff5fca33e345cf31f30df5877b71f3158c4d07b28378f9ab683c4c791a4b6d0,0x0000000000000000000000000000000000000000,0x86a23905ad5dbfd694449b94bcf85726e478476e,98976.98,,,,SHI,erc20,"{'value': '0x14f58d86bb7c2e620000', 'address': '0xad996a45fd2373ed0b10efa4a8ecb9de445a4302', 'decimal': '0x12'}",{'blockTimestamp': '2022-11-14T18:19:59.000Z'}
84,0xf3a764,0x19b68be9afb3dc13293b57a8fe7593ac50a6cffa349e2ce9976cd226b4311839:log:141,0x19b68be9afb3dc13293b57a8fe7593ac50a6cffa349e2ce9976cd226b4311839,0x0d0707963952f2fba59dd06f2b425ace40b492fe,0x5d91f1446717dc02814c660943656985704f20eb,80793.03046144999,,,,SHI,erc20,"{'value': '0x111bcc8878de195be400', 'address': '0xad996a45fd2373ed0b10efa4a8ecb9de445a4302', 'decimal': '0x12'}",{'blockTimestamp': '2022-11-14T11:53:35.000Z'}
85,0xf3a733,0x832d51644fd293be093bf67acc679aea723cfa3ef655f983bba5d9491a259fb5:log:244,0x832d51644fd293be093bf67acc679aea723cfa3ef655f983bba5d9491a259fb5,0x38f67816b042e58b6825fd13a595bba5a2a77921,0x0d0707963952f2fba59dd06f2b425ace40b492fe,25211.99990224259,,,,SHI,erc20,"{'value': '0x0556bec8ec3070d61978', 'address': '0xad996a45fd2373ed0b10efa4a8ecb9de445a4302', 'decimal': '0x12'}",{'blockTimestamp': '2022-11-14T11:43:47.000Z'}
86,0xf3a733,0x5f59cc255bc94efc0749c216435b9565d0e2ee4bb55fda0e8adbff19a604aab1:log:243,0x5f59cc255bc94efc0749c216435b9565d0e2ee4bb55fda0e8adbff19a604aab1,0x153246c1d9e239f2d92e12151b42c976679a8550,0x0d0707963952f2fba59dd06f2b425ace40b492fe,578066.9673972602,,,,SHI,erc20,"{'value': '0x7a6912b655c09458f57a', 'address': '0xad996a45fd2373ed0b10efa4a8ecb9de445a4302', 'decimal': '0x12'}",{'blockTimestamp': '2022-11-14T11:43:47.000Z'}
87,0xf3a0a9,0x16119a9310c524fb4c9f03e99e095676cbcbbc2276874f4dc7bec97025db6885:log:40,0x16119a9310c524fb4c9f03e99e095676cbcbbc2276874f4dc7bec97025db6885,0x0000000000000000000000000000000000000000,0xb0a1c1d3f2d17c30a7401d312259eca7f5ae3c29,55720.98,,,,SHI,erc20,"{'value': '0x0bcca3efd79865820000', 'address': '0xad996a45fd2373ed0b10efa4a8ecb9de445a4302', 'decimal': '0x12'}",{'blockTimestamp': '2022-11-14T06:06:47.000Z'}
88,0xf392d1,0x1b1f4c29fa32d942390b3a0fb11e13a7eeceb6289965681fcd25aa08fe501059:log:83,0x1b1f4c29fa32d942390b3a0fb11e13a7eeceb6289965681fcd25aa08fe501059,0xf5a488a0f48f22069df00460b6aa594e64b33d26,0xae9daa2d8a9348765887207a1adc92e3bbc73d87,34635.25,,,,SHI,erc20,"{'value': '0x075594a67194b0250000', 'address': '0xad996a45fd2373ed0b10efa4a8ecb9de445a4302', 'decimal': '0x12'}",{'blockTimestamp': '2022-11-13T18:15:47.000Z'}
89,0xf3923f,0x39532dc7f120dc60d505e7c658ef2671cf4024353b8e81fba52826808f99cbea:log:343,0x39532dc7f120dc60d505e7c658ef2671cf4024353b8e81fba52826808f99cbea,0x5427fefa711eff984124bfbb1ab6fbf5e3da1820,0xf5a488a0f48f22069df00460b6aa594e64b33d26,34635.2500173287,,,,SHI,erc20,"{'value': '0x075594a68157571e5598', 'address': '0xad996a45fd2373ed0b10efa4a8ecb9de445a4302', 'decimal': '0x12'}",{'blockTimestamp': '2022-11-13T17:46:35.000Z'}
90,0xf38f1a,0x92a081bfc8226ef3f9623d06b2b142888e9209973f61a27babfbc9ab6602b07f:log:306,0x92a081bfc8226ef3f9623d06b2b142888e9209973f61a27babfbc9ab6602b07f,0x8b59d0f2a5e26702ceadd609609a4b043b58338a,0xae9daa2d8a9348765887207a1adc92e3bbc73d87,21475.98,,,,SHI,erc20,"{'value': '0x048c3717e961a18e0000', 'address': '0xad996a45fd2373ed0b10efa4a8ecb9de445a4302', 'decimal': '0x12'}",{'blockTimestamp': '2022-11-13T15:05:23.000Z'}
91,0xf38f08,0x26ec1006cc6f5126e7af5c18ded119aa2cc012be892634c90d467fb629df363b:log:358,0x26ec1006cc6f5126e7af5c18ded119aa2cc012be892634c90d467fb629df363b,0x0000000000000000000000000000000000000000,0x8b59d0f2a5e26702ceadd609609a4b043b58338a,21475.98,,,,SHI,erc20,"{'value': '0x048c3717e961a18e0000', 'address': '0xad996a45fd2373ed0b10efa4a8ecb9de445a4302', 'decimal': '0x12'}",{'blockTimestamp': '2022-11-13T15:01:47.000Z'}
92,0xf38986,0xf036e8e52ca4a5790d34c85b50509bbcac11cfb0c22c7979fb56b77ac164f3dc:log:124,0xf036e8e52ca4a5790d34c85b50509bbcac11cfb0c22c7979fb56b77ac164f3dc,0xb0f0c2af5a6046bd2ed32f2028e547ce743a8090,0xae9daa2d8a9348765887207a1adc92e3bbc73d87,33550.687,,,,SHI,erc20,"{'value': '0x071ac950a35784298000', 'address': '0xad996a45fd2373ed0b10efa4a8ecb9de445a4302', 'decimal': '0x12'}",{'blockTimestamp': '2022-11-13T10:17:59.000Z'}
93,0xf38794,0x318b257d1f295223675cf40667fef7e4d8d99ce3f23770c72b162dc47bfc3c65:log:310,0x318b257d1f295223675cf40667fef7e4d8d99ce3f23770c72b162dc47bfc3c65,0xde5e9ade0461440eec0a3ca104a13d093046384b,0xae9daa2d8a9348765887207a1adc92e3bbc73d87,46971.0,,,,SHI,erc20,"{'value': '0x09f24d9234f9e90c0000', 'address': '0xad996a45fd2373ed0b10efa4a8ecb9de445a4302', 'decimal': '0x12'}",{'blockTimestamp': '2022-11-13T08:38:23.000Z'}
94,0xf37acf,0xedb0ef3227a5ba3f697684e23b75f304078891aedd534f462bbb54ea12ac1fcc:log:37,0xedb0ef3227a5ba3f697684e23b75f304078891aedd534f462bbb54ea12ac1fcc,0xe75f04c4ce068d5419cef35dd599f2d3f9de6ee1,0xae9daa2d8a9348765887207a1adc92e3bbc73d87,39883.979999999996,,,,SHI,erc20,"{'value': '0x08721d694f9e102e0000', 'address': '0xad996a45fd2373ed0b10efa4a8ecb9de445a4302', 'decimal': '0x12'}",{'blockTimestamp': '2022-11-12T21:41:23.000Z'}
95,0xf374a0,0xe6886865e7b639c826a1e8b2125a6bb0af30a1d3edc7a8ac00067e9b29e0be54:log:93,0xe6886865e7b639c826a1e8b2125a6bb0af30a1d3edc7a8ac00067e9b29e0be54,0xae9daa2d8a9348765887207a1adc92e3bbc73d87,0x555727a4a3b5080320799b1c9ed4392655c9a5f2,83156.16438356166,,,,SHI,erc20,"{'value': '0x119be79aae9ba581c0e0', 'address': '0xad996a45fd2373ed0b10efa4a8ecb9de445a4302', 'decimal': '0x12'}",{'blockTimestamp': '2022-11-12T16:23:35.000Z'}
96,0xf3736b,0x3bbd061201604b855a568f5536fcf57cd6f12b663a9dd176b2e333f89ae72651:log:281,0x3bbd061201604b855a568f5536fcf57cd6f12b663a9dd176b2e333f89ae72651,0x7b28838fd6746da1be8b26db05c88a20c970f2dc,0xae9daa2d8a9348765887207a1adc92e3bbc73d87,5168.0199999999995,,,,SHI,erc20,"{'value': '0x011828af58a812420000', 'address': '0xad996a45fd2373ed0b10efa4a8ecb9de445a4302', 'decimal': '0x12'}",{'blockTimestamp': '2022-11-12T15:21:47.000Z'}
97,0xf3720f,0x13a95fa1be42e125b7a5f86763c088ba60e4bc3db982dce4659e7d2301d93e21:log:64,0x13a95fa1be42e125b7a5f86763c088ba60e4bc3db982dce4659e7d2301d93e21,0x986c0733920535fb18f557def0905bdbd28af0ae,0xae9daa2d8a9348765887207a1adc92e3bbc73d87,12417.98,,,,SHI,erc20,"{'value': '0x02a12e1768b8e1460000', 'address': '0xad996a45fd2373ed0b10efa4a8ecb9de445a4302', 'decimal': '0x12'}",{'blockTimestamp': '2022-11-12T14:11:35.000Z'}
98,0xf371ef,0xcf2c2174676c170e500e20b0b8b94414f293877f75500631b877316cf73bef3e:log:256,0xcf2c2174676c170e500e20b0b8b94414f293877f75500631b877316cf73bef3e,0x0000000000000000000000000000000000000000,0x986c0733920535fb18f557def0905bdbd28af0ae,12417.98,,,,SHI,erc20,"{'value': '0x02a12e1768b8e1460000', 'address': '0xad996a45fd2373ed0b10efa4a8ecb9de445a4302', 'decimal': '0x12'}",{'blockTimestamp': '2022-11-12T14:05:11.000Z'}
99,0xf37018,0xed1228f1e6f1219910b7496097c4932a873867659fda968cd371a265ca8e5f57:log:402,0xed1228f1e6f1219910b7496097c4932a873867659fda968cd371a265ca8e5f57,0x20de6eeb43ab26d39801d447d0a19bded9603f7c,0xae9daa2d8a9348765887207a1adc92e3bbc73d87,480000.0,,,,SHI,erc20,"{'value': '0x65a4da25d3016c000000', 'address': '0xad996a45fd2373ed0b10efa4a8ecb9de445a4302', 'decimal': '0x12'}",{'blockTimestamp': '2022-11-12T12:30:35.000Z'}
100,0xf36e6f,0xcb4820bdc9ae64587248acd90093c17842181f9b0d6bf3044d566d743f9eb255:log:305,0xcb4820bdc9ae64587248acd90093c17842181f9b0d6bf3044d566d743f9eb255,0x0000000000000000000000000000000000000000,0xe75f04c4ce068d5419cef35dd599f2d3f9de6ee1,39883.979999999996,,,,SHI,erc20,"{'value': '0x08721d694f9e102e0000', 'address': '0xad996a45fd2373ed0b10efa4a8ecb9de445a4302', 'decimal': '0x12'}",{'blockTimestamp': '2022-11-12T11:05:11.000Z'}
101,0xf35b11,0xcd50fa4486ea8208a1455fca347854a508e138f463e287ed4e828fb8b96ace4b:log:81,0xcd50fa4486ea8208a1455fca347854a508e138f463e287ed4e828fb8b96ace4b,0xe86f100e1d036a695dd285f570cc8d6751a9bf1b,0xae9daa2d8a9348765887207a1adc92e3bbc73d87,426354.109,,,,SHI,erc20,"{'value': '0x5a48b3db0e9e170c8000', 'address': '0xad996a45fd2373ed0b10efa4a8ecb9de445a4302', 'decimal': '0x12'}",{'blockTimestamp': '2022-11-11T18:27:47.000Z'}
102,0xf35a6f,0x62b0c88031a5660d72711401f3a24c24f3918d986baf96a691d9bd0ed875dd28:log:168,0x62b0c88031a5660d72711401f3a24c24f3918d986baf96a691d9bd0ed875dd28,0x0d0707963952f2fba59dd06f2b425ace40b492fe,0xe86f100e1d036a695dd285f570cc8d6751a9bf1b,425704.10911,,,,SHI,erc20,"{'value': '0x5a25774b8e8272116000', 'address': '0xad996a45fd2373ed0b10efa4a8ecb9de445a4302', 'decimal': '0x12'}",{'blockTimestamp': '2022-11-11T17:55:23.000Z'}
103,0xf35a4b,0x2ce8ea79ab96d059400d507b14c1456c1eb6ae8fce81102b99c8db5adf347c05:log:369,0x2ce8ea79ab96d059400d507b14c1456c1eb6ae8fce81102b99c8db5adf347c05,0x0d0707963952f2fba59dd06f2b425ace40b492fe,0xe86f100e1d036a695dd285f570cc8d6751a9bf1b,650.0,,,,SHI,erc20,"{'value': '0x233c8fe42703e80000', 'address': '0xad996a45fd2373ed0b10efa4a8ecb9de445a4302', 'decimal': '0x12'}",{'blockTimestamp': '2022-11-11T17:48:11.000Z'}
104,0xf35211,0x04d2ef1a792be081fe71ea904877c0b919050ddefec98e5ad995e462df137216:log:32,0x04d2ef1a792be081fe71ea904877c0b919050ddefec98e5ad995e462df137216,0xae9daa2d8a9348765887207a1adc92e3bbc73d87,0xb0f0c2af5a6046bd2ed32f2028e547ce743a8090,33550.68493150685,,,,SHI,erc20,"{'value': '0x071ac9494a0eecb1f8fc', 'address': '0xad996a45fd2373ed0b10efa4a8ecb9de445a4302', 'decimal': '0x12'}",{'blockTimestamp': '2022-11-11T10:43:23.000Z'}
105,0xf351df,0x91de82ed5f3ab6911ef89df73160c78661120d5c4ccbfbca84d0f771dbd1a292:log:234,0x91de82ed5f3ab6911ef89df73160c78661120d5c4ccbfbca84d0f771dbd1a292,0x8b59d0f2a5e26702ceadd609609a4b043b58338a,0xae9daa2d8a9348765887207a1adc92e3bbc73d87,18976.980000000003,,,,SHI,erc20,"{'value': '0x0404be806da69c620000', 'address': '0xad996a45fd2373ed0b10efa4a8ecb9de445a4302', 'decimal': '0x12'}",{'blockTimestamp': '2022-11-11T10:33:23.000Z'}
106,0xf351cd,0x0dd4c27dbf7d51498f1a19c517adbb139af4cd815922195b21e50d48247c4dea:log:320,0x0dd4c27dbf7d51498f1a19c517adbb139af4cd815922195b21e50d48247c4dea,0x0000000000000000000000000000000000000000,0x8b59d0f2a5e26702ceadd609609a4b043b58338a,18976.980000000003,,,,SHI,erc20,"{'value': '0x0404be806da69c620000', 'address': '0xad996a45fd2373ed0b10efa4a8ecb9de445a4302', 'decimal': '0x12'}",{'blockTimestamp': '2022-11-11T10:29:47.000Z'}
107,0xf3435f,0xa6872b33df695cc8995d0a2a07b39eb2e8d2d0a38dd3e8f75da2c5cb8594407f:log:53,0xa6872b33df695cc8995d0a2a07b39eb2e8d2d0a38dd3e8f75da2c5cb8594407f,0x5f807debc24f673448c29db464240c1ba6d0612e,0x0000000000000000000000000000000000000000,55578.0,,,,SHI,erc20,"{'value': '0x0bc4e3b0d722c4280000', 'address': '0xad996a45fd2373ed0b10efa4a8ecb9de445a4302', 'decimal': '0x12'}",{'blockTimestamp': '2022-11-10T22:06:47.000Z'}
108,0xf3433e,0x6b5c693811906702022a65f746fc07190df4b78fcfde775e18fe018424d7dd9b:log:71,0x6b5c693811906702022a65f746fc07190df4b78fcfde775e18fe018424d7dd9b,0xae9daa2d8a9348765887207a1adc92e3bbc73d87,0x5f807debc24f673448c29db464240c1ba6d0612e,55578.94630136987,,,,SHI,erc20,"{'value': '0x0bc4f0d2c737cd4e8542', 'address': '0xad996a45fd2373ed0b10efa4a8ecb9de445a4302', 'decimal': '0x12'}",{'blockTimestamp': '2022-11-10T21:59:59.000Z'}
109,0xf332ab,0x8f47424fd942c13f0d243121839312334084ea1d3fcf7581b0e5be81878a3caf:log:176,0x8f47424fd942c13f0d243121839312334084ea1d3fcf7581b0e5be81878a3caf,0xae9daa2d8a9348765887207a1adc92e3bbc73d87,0xde5e9ade0461440eec0a3ca104a13d093046384b,46970.95890410959,,,,SHI,erc20,"{'value': '0x09f24d00347b4b5f8fc7', 'address': '0xad996a45fd2373ed0b10efa4a8ecb9de445a4302', 'decimal': '0x12'}",{'blockTimestamp': '2022-11-10T07:46:35.000Z'}
110,0xf3314b,0x44172ab2b995da38a8a7152245424bf0f33742945b71eeab25d67c6f3a6cd41c:log:102,0x44172ab2b995da38a8a7152245424bf0f33742945b71eeab25d67c6f3a6cd41c,0x0d0707963952f2fba59dd06f2b425ace40b492fe,0x5d91f1446717dc02814c660943656985704f20eb,632200.0,,,,SHI,erc20,"{'value': '0x85dfa173bcd861200000', 'address': '0xad996a45fd2373ed0b10efa4a8ecb9de445a4302', 'decimal': '0x12'}",{'blockTimestamp': '2022-11-10T06:35:35.000Z'}
111,0xf3312d,0xc8d8de03c069a82e754fa8eb08f1d6f773426af7e4cfe4ff91a2b59f37870254:log:153,0xc8d8de03c069a82e754fa8eb08f1d6f773426af7e4cfe4ff91a2b59f37870254,0x0d0707963952f2fba59dd06f2b425ace40b492fe,0x5d91f1446717dc02814c660943656985704f20eb,631.5355440000001,,,,SHI,erc20,"{'value': '0x223c50f73fd1138000', 'address': '0xad996a45fd2373ed0b10efa4a8ecb9de445a4302', 'decimal': '0x12'}",{'blockTimestamp': '2022-11-10T06:29:35.000Z'}
112,0xf3229d,0x3185dcec3354fc04937762490ddd375d86f247b6c978fa2b6b84574daaeeff66:log:99,0x3185dcec3354fc04937762490ddd375d86f247b6c978fa2b6b84574daaeeff66,0xae9daa2d8a9348765887207a1adc92e3bbc73d87,0x20de6eeb43ab26d39801d447d0a19bded9603f7c,497576.78794520546,,,,SHI,erc20,"{'value': '0x695db114c95b30b32d96', 'address': '0xad996a45fd2373ed0b10efa4a8ecb9de445a4302', 'decimal': '0x12'}",{'blockTimestamp': '2022-11-09T17:59:23.000Z'}
113,0xf25ade,0x79517699e1ff542931071024924402c450b25550ba44527b613eb947b2f1684e:log:46,0x79517699e1ff542931071024924402c450b25550ba44527b613eb947b2f1684e,0x35d254687c4e8c7c1d49785dbf4b792f86ad1907,0xae9daa2d8a9348765887207a1adc92e3bbc73d87,66442.48,,,,SHI,erc20,"{'value': '0x0e11daa38ca75c180000', 'address': '0xad996a45fd2373ed0b10efa4a8ecb9de445a4302', 'decimal': '0x12'}",{'blockTimestamp': '2022-11-02T14:36:35.000Z'}
114,0xf25aca,0x7cd39e2f340e53610b999d562263677fd5a4ba8783206bb6886bafe26756078b:log:331,0x7cd39e2f340e53610b999d562263677fd5a4ba8783206bb6886bafe26756078b,0x0000000000000000000000000000000000000000,0x35d254687c4e8c7c1d49785dbf4b792f86ad1907,66442.48,,,,SHI,erc20,"{'value': '0x0e11daa38ca75c180000', 'address': '0xad996a45fd2373ed0b10efa4a8ecb9de445a4302', 'decimal': '0x12'}",{'blockTimestamp': '2022-11-02T14:32:35.000Z'}
115,0xf250df,0x4fe99f43cc953362ebebf4e0152e8b65495a6a721ccf2084ce96d73e67f14417:log:122,0x4fe99f43cc953362ebebf4e0152e8b65495a6a721ccf2084ce96d73e67f14417,0x0000000000000000000000000000000000000000,0x7b28838fd6746da1be8b26db05c88a20c970f2dc,5168.0199999999995,,,,SHI,erc20,"{'value': '0x011828af58a812420000', 'address': '0xad996a45fd2373ed0b10efa4a8ecb9de445a4302', 'decimal': '0x12'}",{'blockTimestamp': '2022-11-02T06:01:35.000Z'}
116,0xf240cc,0xa92432d7058b9aa2705c18433e8104e373922fc3c2f79ee0172771f6109134ae:log:334,0xa92432d7058b9aa2705c18433e8104e373922fc3c2f79ee0172771f6109134ae,0x5427fefa711eff984124bfbb1ab6fbf5e3da1820,0x623c72cb71dd583de01ada0ae48f01423bb904fd,59271.99106633775,,,,SHI,erc20,"{'value': '0x0c8d241d6e5dd4b1000c', 'address': '0xad996a45fd2373ed0b10efa4a8ecb9de445a4302', 'decimal': '0x12'}",{'blockTimestamp': '2022-11-01T16:14:23.000Z'}
117,0xf227e7,0x2c70054e832ebdc1a7668101941a53b9b70225f3de02730ccd4cff682da5f7d3:log:234,0x2c70054e832ebdc1a7668101941a53b9b70225f3de02730ccd4cff682da5f7d3,0x0000000000000000000000000000000000000000,0x279d77567be1a009d1ddd76ea887d9761a460e9d,38976.98,,,,SHI,erc20,"{'value': '0x0840f242011c00e20000', 'address': '0xad996a45fd2373ed0b10efa4a8ecb9de445a4302', 'decimal': '0x12'}",{'blockTimestamp': '2022-10-31T18:47:35.000Z'}
118,0xf205e1,0x26ba4b17f2cf4edd361c9ee507d6665f6038828e10abb192c3be3879450fcc6d:log:90,0x26ba4b17f2cf4edd361c9ee507d6665f6038828e10abb192c3be3879450fcc6d,0x74de5d4fcbf63e00296fd95d33236b9794016631,0x34b6a2a9b01f5cfa0d8bcd20ab4109418a09808d,7893.506676446644,,,,SHI,erc20,"{'value': '0x01abe86924a330711151', 'address': '0xad996a45fd2373ed0b10efa4a8ecb9de445a4302', 'decimal': '0x12'}",{'blockTimestamp': '2022-10-30T13:36:35.000Z'}
119,0xf205e1,0x26ba4b17f2cf4edd361c9ee507d6665f6038828e10abb192c3be3879450fcc6d:log:87,0x26ba4b17f2cf4edd361c9ee507d6665f6038828e10abb192c3be3879450fcc6d,0x74de5d4fcbf63e00296fd95d33236b9794016631,0xf4efa119b67af251449ced01f1ea3f1c59a59c44,1396.2733235533565,,,,SHI,erc20,"{'value': '0x4bb12f55ffa7e0eeaf', 'address': '0xad996a45fd2373ed0b10efa4a8ecb9de445a4302', 'decimal': '0x12'}",{'blockTimestamp': '2022-10-30T13:36:35.000Z'}
120,0xf205e1,0x26ba4b17f2cf4edd361c9ee507d6665f6038828e10abb192c3be3879450fcc6d:log:85,0x26ba4b17f2cf4edd361c9ee507d6665f6038828e10abb192c3be3879450fcc6d,0x34b6a2a9b01f5cfa0d8bcd20ab4109418a09808d,0x74de5d4fcbf63e00296fd95d33236b9794016631,9289.78,,,,SHI,erc20,"{'value': '0x01f799987aa2d8520000', 'address': '0xad996a45fd2373ed0b10efa4a8ecb9de445a4302', 'decimal': '0x12'}",{'blockTimestamp': '2022-10-30T13:36:35.000Z'}
121,0xf1fe8c,0x7078eda5b0f2f94407a65a7fd04373326ea2e7c56707322d2c1f9f1d924901e1:log:79,0x7078eda5b0f2f94407a65a7fd04373326ea2e7c56707322d2c1f9f1d924901e1,0x05cbbec10e43dab303daf432bb4c5dfe2d82615b,0x38f67816b042e58b6825fd13a595bba5a2a77921,25211.99990224259,,,,SHI,erc20,"{'value': '0x0556bec8ec3070d61978', 'address': '0xad996a45fd2373ed0b10efa4a8ecb9de445a4302', 'decimal': '0x12'}",{'blockTimestamp': '2022-10-30T07:19:35.000Z'}
122,0xf1e4fa,0x5f3b28cafd521fd128f73e9c07036b061735ed8c9ba3d72106c62ccd44e2abae:log:26,0x5f3b28cafd521fd128f73e9c07036b061735ed8c9ba3d72106c62ccd44e2abae,0x4f43795c7eaa0018b5a37f7f06b2d708d94bb897,0xae9daa2d8a9348765887207a1adc92e3bbc73d87,3292194.51,,,,SHI,erc20,"{'value': '0x02b92638d4f2ebeebb0000', 'address': '0xad996a45fd2373ed0b10efa4a8ecb9de445a4302', 'decimal': '0x12'}",{'blockTimestamp': '2022-10-29T09:22:59.000Z'}
123,0xf1e4d5,0xb84e9aa618ea25788af7740259ec699c97e8e7901a7822b9891a0e221b8b4db7:log:264,0xb84e9aa618ea25788af7740259ec699c97e8e7901a7822b9891a0e221b8b4db7,0x0000000000000000000000000000000000000000,0x4f43795c7eaa0018b5a37f7f06b2d708d94bb897,3292194.51,,,,SHI,erc20,"{'value': '0x02b92638d4f2ebeebb0000', 'address': '0xad996a45fd2373ed0b10efa4a8ecb9de445a4302', 'decimal': '0x12'}",{'blockTimestamp': '2022-10-29T09:15:35.000Z'}
124,0xf1e3d0,0x2b11f0fa4092be0fe8375cd0f507d8391b145f41354857ccb42872bc5395b02f:log:199,0x2b11f0fa4092be0fe8375cd0f507d8391b145f41354857ccb42872bc5395b02f,0x35d254687c4e8c7c1d49785dbf4b792f86ad1907,0xae9daa2d8a9348765887207a1adc92e3bbc73d87,63986.68,,,,SHI,erc20,"{'value': '0x0d8cb9914c0a2fcc0000', 'address': '0xad996a45fd2373ed0b10efa4a8ecb9de445a4302', 'decimal': '0x12'}",{'blockTimestamp': '2022-10-29T08:22:47.000Z'}
125,0xf1e313,0x15602de20f23a012eda672723f32e9768822d76cc35de941dc92c2d957c2e718:log:41,0x15602de20f23a012eda672723f32e9768822d76cc35de941dc92c2d957c2e718,0x74de5d4fcbf63e00296fd95d33236b9794016631,0x9612020e2aa8e0693ddc269e710041659d54d807,1392.0845035826965,,,,SHI,erc20,"{'value': '0x4b770da86dbc9f7d52', 'address': '0xad996a45fd2373ed0b10efa4a8ecb9de445a4302', 'decimal': '0x12'}",{'blockTimestamp': '2022-10-29T07:44:35.000Z'}
126,0xf1e313,0x15602de20f23a012eda672723f32e9768822d76cc35de941dc92c2d957c2e718:log:39,0x15602de20f23a012eda672723f32e9768822d76cc35de941dc92c2d957c2e718,0x22f9dcf4647084d6c31b2765f6910cd85c178c18,0x74de5d4fcbf63e00296fd95d33236b9794016631,1392.0845035826965,,,,SHI,erc20,"{'value': '0x4b770da86dbc9f7d52', 'address': '0xad996a45fd2373ed0b10efa4a8ecb9de445a4302', 'decimal': '0x12'}",{'blockTimestamp': '2022-10-29T07:44:35.000Z'}
127,0xf1e313,0x15602de20f23a012eda672723f32e9768822d76cc35de941dc92c2d957c2e718:log:35,0x15602de20f23a012eda672723f32e9768822d76cc35de941dc92c2d957c2e718,0xf4efa119b67af251449ced01f1ea3f1c59a59c44,0x22f9dcf4647084d6c31b2765f6910cd85c178c18,1392.0845035826965,,,,SHI,erc20,"{'value': '0x4b770da86dbc9f7d52', 'address': '0xad996a45fd2373ed0b10efa4a8ecb9de445a4302', 'decimal': '0x12'}",{'blockTimestamp': '2022-10-29T07:44:35.000Z'}
128,0xf1e2c4,0x4769556b564a78d92f642e41b867b68f4d6b17b205996aa0110901e61cdbfedb:log:340,0x4769556b564a78d92f642e41b867b68f4d6b17b205996aa0110901e61cdbfedb,0x0000000000000000000000000000000000000000,0x35d254687c4e8c7c1d49785dbf4b792f86ad1907,63986.68,,,,SHI,erc20,"{'value': '0x0d8cb9914c0a2fcc0000', 'address': '0xad996a45fd2373ed0b10efa4a8ecb9de445a4302', 'decimal': '0x12'}",{'blockTimestamp': '2022-10-29T07:28:47.000Z'}
129,0xf1dfec,0x01d8c208e0383573156ec5dc87882bc087a11e490e5ad7fd7130fd738b62cc34:log:174,0x01d8c208e0383573156ec5dc87882bc087a11e490e5ad7fd7130fd738b62cc34,0xe5f01e0c0e9227a1c83549bc2fb3e104e2e122d4,0xd50142c07c8902354f3d6e840b83dddd8d8eb390,15071.935260058914,,,,SHI,erc20,"{'value': '0x03310d1e907cf84e3720', 'address': '0xad996a45fd2373ed0b10efa4a8ecb9de445a4302', 'decimal': '0x12'}",{'blockTimestamp': '2022-10-29T05:01:47.000Z'}
130,0xf1dd33,0x60dc342541b49a6a7a5e1d21f3a6186670cf46e4f15f574573a217b707968220:log:21,0x60dc342541b49a6a7a5e1d21f3a6186670cf46e4f15f574573a217b707968220,0xae9daa2d8a9348765887207a1adc92e3bbc73d87,0xe5f01e0c0e9227a1c83549bc2fb3e104e2e122d4,15071.015342465755,,,,SHI,erc20,"{'value': '0x0331005a5c4fa5522311', 'address': '0xad996a45fd2373ed0b10efa4a8ecb9de445a4302', 'decimal': '0x12'}",{'blockTimestamp': '2022-10-29T02:42:23.000Z'}
131,0xf1ca82,0x4a0cbee2c07a8aba6d9af2be4d02bd2a1f984b8e5e9b105842cff684aeeda364:log:113,0x4a0cbee2c07a8aba6d9af2be4d02bd2a1f984b8e5e9b105842cff684aeeda364,0x7294b83f614ec2845bb66d0ba0fcf7206f5b0b77,0xae9daa2d8a9348765887207a1adc92e3bbc73d87,32355.717,,,,SHI,erc20,"{'value': '0x06da01c65f9073a08000', 'address': '0xad996a45fd2373ed0b10efa4a8ecb9de445a4302', 'decimal': '0x12'}",{'blockTimestamp': '2022-10-28T10:39:59.000Z'}
132,0xf1c8a5,0xa1be36a8680f046aabb461abbd66f20a286845403a0f004d17c976f744171ef9:log:265,0xa1be36a8680f046aabb461abbd66f20a286845403a0f004d17c976f744171ef9,0x5427fefa711eff984124bfbb1ab6fbf5e3da1820,0x7294b83f614ec2845bb66d0ba0fcf7206f5b0b77,32355.716847344986,,,,SHI,erc20,"{'value': '0x06da01c5d4b9afa19854', 'address': '0xad996a45fd2373ed0b10efa4a8ecb9de445a4302', 'decimal': '0x12'}",{'blockTimestamp': '2022-10-28T09:04:23.000Z'}
133,0xf18ea5,0xb142ca49086864af66d44c5d5c73bc369d65caf6dd6eb8da8f8cb31c1b09f0e5:log:264,0xb142ca49086864af66d44c5d5c73bc369d65caf6dd6eb8da8f8cb31c1b09f0e5,0x5427fefa711eff984124bfbb1ab6fbf5e3da1820,0xe66aac89456f2fd1b3de66e51c4de30367d83787,23861.61501053212,,,,SHI,erc20,"{'value': '0x050d8a6e0bd307ff45bf', 'address': '0xad996a45fd2373ed0b10efa4a8ecb9de445a4302', 'decimal': '0x12'}",{'blockTimestamp': '2022-10-26T07:16:35.000Z'}
134,0xf09ec2,0x0263105b2a3e4a3d6d1ce1e0728a63d43761217b000a0f37dbe24b3754d643c4:log:323,0x0263105b2a3e4a3d6d1ce1e0728a63d43761217b000a0f37dbe24b3754d643c4,0x0000000000000000000000000000000000000000,0xfaed6bff1df1e238d5ab061664fc91f319cc4529,72905.98,,,,SHI,erc20,"{'value': '0x0f703db8699025660000', 'address': '0xad996a45fd2373ed0b10efa4a8ecb9de445a4302', 'decimal': '0x12'}",{'blockTimestamp': '2022-10-17T17:21:35.000Z'}
135,0xf09b74,0x5757a64782635d1ea12b589454dd3db945ab27754fe1948d0a83b3dbf6a88706:log:158,0x5757a64782635d1ea12b589454dd3db945ab27754fe1948d0a83b3dbf6a88706,0x976bfe769430ddac1ba653363e41ba05494b887f,0xd8df27accdb4457bcf93eb92ecfb6fab273e23b3,12852914.0,,,,SHI,erc20,"{'value': '0x0aa1b5dd343f181b880000', 'address': '0xad996a45fd2373ed0b10efa4a8ecb9de445a4302', 'decimal': '0x12'}",{'blockTimestamp': '2022-10-17T14:31:35.000Z'}
136,0xf09614,0x58efa6e94b39dcee4454216ba9a83d2222db6fa03dbb9876dbc5872a881c75a1:log:19,0x58efa6e94b39dcee4454216ba9a83d2222db6fa03dbb9876dbc5872a881c75a1,0x986c0733920535fb18f557def0905bdbd28af0ae,0xae9daa2d8a9348765887207a1adc92e3bbc73d87,27976.98,,,,SHI,erc20,"{'value': '0x05eca297899b70020000', 'address': '0xad996a45fd2373ed0b10efa4a8ecb9de445a4302', 'decimal': '0x12'}",{'blockTimestamp': '2022-10-17T09:53:47.000Z'}
137,0xf08efe,0x4030bfe5550edd895b39934b77a1bb325aafe77d47f926ea1a9923161741b64a:log:389,0x4030bfe5550edd895b39934b77a1bb325aafe77d47f926ea1a9923161741b64a,0x2d712f9884689e935dc780cb7e18231b5ebdcdf8,0x986c0733920535fb18f557def0905bdbd28af0ae,27976.98,,,,SHI,erc20,"{'value': '0x05eca297899b70020000', 'address': '0xad996a45fd2373ed0b10efa4a8ecb9de445a4302', 'decimal': '0x12'}",{'blockTimestamp': '2022-10-17T03:47:47.000Z'}
138,0xf08ec2,0x4c4847efcfb4b29ff376ab2cb7a9d3cc06ae91604cdd1b602973ef589b5f35e0:log:243,0x4c4847efcfb4b29ff376ab2cb7a9d3cc06ae91604cdd1b602973ef589b5f35e0,0x986c0733920535fb18f557def0905bdbd28af0ae,0x2d712f9884689e935dc780cb7e18231b5ebdcdf8,27976.98,,,,SHI,erc20,"{'value': '0x05eca297899b70020000', 'address': '0xad996a45fd2373ed0b10efa4a8ecb9de445a4302', 'decimal': '0x12'}",{'blockTimestamp': '2022-10-17T03:35:47.000Z'}
139,0xf08dec,0x7e13d9c1eb7d1794afc08d44c5190ac5030e68d32ab69b9d8540c24e55093070:log:254,0x7e13d9c1eb7d1794afc08d44c5190ac5030e68d32ab69b9d8540c24e55093070,0x0000000000000000000000000000000000000000,0x986c0733920535fb18f557def0905bdbd28af0ae,27976.98,,,,SHI,erc20,"{'value': '0x05eca297899b70020000', 'address': '0xad996a45fd2373ed0b10efa4a8ecb9de445a4302', 'decimal': '0x12'}",{'blockTimestamp': '2022-10-17T02:52:35.000Z'}
140,0xf04fe1,0x4c7b36d66b72cc5fa8ad4014465d0e9b59db6a0bb27dc3c3b199539af1750a45:log:291,0x4c7b36d66b72cc5fa8ad4014465d0e9b59db6a0bb27dc3c3b199539af1750a45,0xc7a1aa7180aded3d390cb693352d2514d0aa672d,0xae9daa2d8a9348765887207a1adc92e3bbc73d87,5665.5,,,,SHI,erc20,"{'value': '0x0133209b58e4ff960000', 'address': '0xad996a45fd2373ed0b10efa4a8ecb9de445a4302', 'decimal': '0x12'}",{'blockTimestamp': '2022-10-14T21:39:11.000Z'}
141,0xf04901,0xae733817cbab6359e889732861230579a708f85cee9dfa3a46581d16ebcf7ed4:log:427,0xae733817cbab6359e889732861230579a708f85cee9dfa3a46581d16ebcf7ed4,0x0000000000000000000000000000000000000000,0xc7a1aa7180aded3d390cb693352d2514d0aa672d,5665.5,,,,SHI,erc20,"{'value': '0x0133209b58e4ff960000', 'address': '0xad996a45fd2373ed0b10efa4a8ecb9de445a4302', 'decimal': '0x12'}",{'blockTimestamp': '2022-10-14T15:45:23.000Z'}
142,0xf043a2,0xef7a3296eb1c7ccff185c8a22235763299fc2973c33e0fce4d71991c0fd68758:log:34,0xef7a3296eb1c7ccff185c8a22235763299fc2973c33e0fce4d71991c0fd68758,0xae9daa2d8a9348765887207a1adc92e3bbc73d87,0xad5ed32bcb1677380ecb9a9897e10d9aa19b2282,80145.26677260274,,,,SHI,erc20,"{'value': '0x10f8af018ddc2fbf96cb', 'address': '0xad996a45fd2373ed0b10efa4a8ecb9de445a4302', 'decimal': '0x12'}",{'blockTimestamp': '2022-10-14T11:09:35.000Z'}
143,0xf0439f,0x3fae50a3508c8d92b2c365818018ac610e16a25112a4a442acabb1ddd59421c7:log:72,0x3fae50a3508c8d92b2c365818018ac610e16a25112a4a442acabb1ddd59421c7,0xad5ed32bcb1677380ecb9a9897e10d9aa19b2282,0xae9daa2d8a9348765887207a1adc92e3bbc73d87,107873.98000000001,,,,SHI,erc20,"{'value': '0x16d7dc345528a8c60000', 'address': '0xad996a45fd2373ed0b10efa4a8ecb9de445a4302', 'decimal': '0x12'}",{'blockTimestamp': '2022-10-14T11:08:59.000Z'}
144,0xf04370,0x4b6a6c138a58a91bbd0fd85a636f64365db07b57c2293ad0b2a1ae77b110854a:log:181,0x4b6a6c138a58a91bbd0fd85a636f64365db07b57c2293ad0b2a1ae77b110854a,0x0000000000000000000000000000000000000000,0xad5ed32bcb1677380ecb9a9897e10d9aa19b2282,107873.98000000001,,,,SHI,erc20,"{'value': '0x16d7dc345528a8c60000', 'address': '0xad996a45fd2373ed0b10efa4a8ecb9de445a4302', 'decimal': '0x12'}",{'blockTimestamp': '2022-10-14T10:59:35.000Z'}
145,0xf02dda,0x3db1ff3f64e1839c6df7748d304a3b6cc3b3974ff2e3c6445aa2aaaaef073b45:log:102,0x3db1ff3f64e1839c6df7748d304a3b6cc3b3974ff2e3c6445aa2aaaaef073b45,0x5f807debc24f673448c29db464240c1ba6d0612e,0xae9daa2d8a9348765887207a1adc92e3bbc73d87,55698.98,,,,SHI,erc20,"{'value': '0x0bcb72a0242802ea0000', 'address': '0xad996a45fd2373ed0b10efa4a8ecb9de445a4302', 'decimal': '0x12'}",{'blockTimestamp': '2022-10-13T16:26:47.000Z'}
146,0xf02dbe,0x58eb25153dc49b2fcc812e1fdbbf4cbd16079f5a96ab98d27b89d9b0a6aecbdf:log:159,0x58eb25153dc49b2fcc812e1fdbbf4cbd16079f5a96ab98d27b89d9b0a6aecbdf,0x0000000000000000000000000000000000000000,0x5f807debc24f673448c29db464240c1ba6d0612e,55698.98,,,,SHI,erc20,"{'value': '0x0bcb72a0242802ea0000', 'address': '0xad996a45fd2373ed0b10efa4a8ecb9de445a4302', 'decimal': '0x12'}",{'blockTimestamp': '2022-10-13T16:20:59.000Z'}
147,0xf00be5,0xa8b98b9becd75e273144b175bcff58e3610bae820a750ffd7281f863634fb9e1:log:64,0xa8b98b9becd75e273144b175bcff58e3610bae820a750ffd7281f863634fb9e1,0x82b0c0032b5837971265efe74e69842a6747edc7,0xae9daa2d8a9348765887207a1adc92e3bbc73d87,376882.251,,,,SHI,erc20,"{'value': '0x4fced3e86cc140278000', 'address': '0xad996a45fd2373ed0b10efa4a8ecb9de445a4302', 'decimal': '0x12'}",{'blockTimestamp': '2022-10-12T11:18:23.000Z'}
148,0xf00b39,0x451c3427b34e88ea6d7fb39d7605fbd07658ec9e08c351b89d66b6559a68e702:log:124,0x451c3427b34e88ea6d7fb39d7605fbd07658ec9e08c351b89d66b6559a68e702,0x8d1364c614bd36e91357f25eb266f898fc7df187,0xae9daa2d8a9348765887207a1adc92e3bbc73d87,7024.0,,,,SHI,erc20,"{'value': '0x017cc594e140c7c00000', 'address': '0xad996a45fd2373ed0b10efa4a8ecb9de445a4302', 'decimal': '0x12'}",{'blockTimestamp': '2022-10-12T10:43:59.000Z'}
149,0xf00b2f,0xaeaea490a6115b3fd5be86f644566c4779dfb4c8b0c4cb56d2254124420b7fe5:log:221,0xaeaea490a6115b3fd5be86f644566c4779dfb4c8b0c4cb56d2254124420b7fe5,0x82b0c0032b5837971265efe74e69842a6747edc7,0x8d1364c614bd36e91357f25eb266f898fc7df187,7024.0,,,,SHI,erc20,"{'value': '0x017cc594e140c7c00000', 'address': '0xad996a45fd2373ed0b10efa4a8ecb9de445a4302', 'decimal': '0x12'}",{'blockTimestamp': '2022-10-12T10:41:59.000Z'}
150,0xf00805,0x6738544b3bad2e83675ecf285850ec144276c4688e9a298f16fa37f7fa77f670:log:160,0x6738544b3bad2e83675ecf285850ec144276c4688e9a298f16fa37f7fa77f670,0xbb28bb9bca4f269e775c0d800c4603ac94838df3,0xae9daa2d8a9348765887207a1adc92e3bbc73d87,20000.0,,,,SHI,erc20,"{'value': '0x043c33c1937564800000', 'address': '0xad996a45fd2373ed0b10efa4a8ecb9de445a4302', 'decimal': '0x12'}",{'blockTimestamp': '2022-10-12T07:59:11.000Z'}
151,0xf0062d,0x89b6a7ab605a7b47bb7d67fbbda46a2d26a76482191dee5521d0e19880774750:log:506,0x89b6a7ab605a7b47bb7d67fbbda46a2d26a76482191dee5521d0e19880774750,0x0d0707963952f2fba59dd06f2b425ace40b492fe,0xbb28bb9bca4f269e775c0d800c4603ac94838df3,103788.70555099999,,,,SHI,erc20,"{'value': '0x15fa65a1ea81481bf000', 'address': '0xad996a45fd2373ed0b10efa4a8ecb9de445a4302', 'decimal': '0x12'}",{'blockTimestamp': '2022-10-12T06:24:35.000Z'}
152,0xeffa2d,0x3b27799d7259f40c3abe4c9fa3e42fe063e0f398c2292443ad6aef6c3d946e59:log:208,0x3b27799d7259f40c3abe4c9fa3e42fe063e0f398c2292443ad6aef6c3d946e59,0x0d0707963952f2fba59dd06f2b425ace40b492fe,0x82b0c0032b5837971265efe74e69842a6747edc7,140317.2711,,,,SHI,erc20,"{'value': '0x1db69d5068af84efc000', 'address': '0xad996a45fd2373ed0b10efa4a8ecb9de445a4302', 'decimal': '0x12'}",{'blockTimestamp': '2022-10-11T20:07:11.000Z'}
153,0xeff9b0,0xd0a9edad3e73e2cb2113db27abba0b71009ce51e07ebca2a2dccda0c1d3df102:log:179,0xd0a9edad3e73e2cb2113db27abba0b71009ce51e07ebca2a2dccda0c1d3df102,0x0d0707963952f2fba59dd06f2b425ace40b492fe,0x82b0c0032b5837971265efe74e69842a6747edc7,9380.0,,,,SHI,erc20,"{'value': '0x01fc7da64ea14c100000', 'address': '0xad996a45fd2373ed0b10efa4a8ecb9de445a4302', 'decimal': '0x12'}",{'blockTimestamp': '2022-10-11T19:42:11.000Z'}
154,0xeff54b,0xd9d7ce7c96d2b598c63a05cfd0b67fc161a23a73d1276af42f30d812b7f3884a:log:472,0xd9d7ce7c96d2b598c63a05cfd0b67fc161a23a73d1276af42f30d812b7f3884a,0x8d1364c614bd36e91357f25eb266f898fc7df187,0x82b0c0032b5837971265efe74e69842a6747edc7,234208.98,,,,SHI,erc20,"{'value': '0x31987e86f1a447620000', 'address': '0xad996a45fd2373ed0b10efa4a8ecb9de445a4302', 'decimal': '0x12'}",{'blockTimestamp': '2022-10-11T15:55:23.000Z'}
155,0xeff129,0x6ed082523a9d2d4d078e27e3e1d50fb80571a32145454e81fe55823eab1d22d4:log:304,0x6ed082523a9d2d4d078e27e3e1d50fb80571a32145454e81fe55823eab1d22d4,0x0000000000000000000000000000000000000000,0x8d1364c614bd36e91357f25eb266f898fc7df187,234208.98,,,,SHI,erc20,"{'value': '0x31987e86f1a447620000', 'address': '0xad996a45fd2373ed0b10efa4a8ecb9de445a4302', 'decimal': '0x12'}",{'blockTimestamp': '2022-10-11T12:23:23.000Z'}
156,0xef6c4f,0xbec0ba9a791ba15cf089f0bdf942844e6187a809f51d76fbf550e2cd16191f3d:log:98,0xbec0ba9a791ba15cf089f0bdf942844e6187a809f51d76fbf550e2cd16191f3d,0xae9daa2d8a9348765887207a1adc92e3bbc73d87,0xbd58a8098be5174b189dc67a3a07c38ef86f8545,170963.87671232878,,,,SHI,erc20,"{'value': '0x2433f867606c51caaf57', 'address': '0xad996a45fd2373ed0b10efa4a8ecb9de445a4302', 'decimal': '0x12'}",{'blockTimestamp': '2022-10-06T18:24:47.000Z'}
157,0xeea9be,0xe231d5255747a6b6ff290be6099db9c28de796ca87aa64493e2e34e4d2e0dda9:log:78,0xe231d5255747a6b6ff290be6099db9c28de796ca87aa64493e2e34e4d2e0dda9,0xf093c93b46d9a967565481777b0494ed73a7c5a2,0xae9daa2d8a9348765887207a1adc92e3bbc73d87,41262.38,,,,SHI,erc20,"{'value': '0x08bcd68dd88a8e9e0000', 'address': '0xad996a45fd2373ed0b10efa4a8ecb9de445a4302', 'decimal': '0x12'}",{'blockTimestamp': '2022-09-29T19:15:47.000Z'}
158,0xeea9a9,0x49cb84cde9731fbca207eb961316d31b5866423fb0e6e8787c324d114b850165:log:569,0x49cb84cde9731fbca207eb961316d31b5866423fb0e6e8787c324d114b850165,0x0000000000000000000000000000000000000000,0xf093c93b46d9a967565481777b0494ed73a7c5a2,41262.38,,,,SHI,erc20,"{'value': '0x08bcd68dd88a8e9e0000', 'address': '0xad996a45fd2373ed0b10efa4a8ecb9de445a4302', 'decimal': '0x12'}",{'blockTimestamp': '2022-09-29T19:11:35.000Z'}
159,0xee4e9c,0xa703fd1a29c97c4feeadbc03a5fecc1fa61cb0e9c1be50563a18a2b8f8b27ec8:log:195,0xa703fd1a29c97c4feeadbc03a5fecc1fa61cb0e9c1be50563a18a2b8f8b27ec8,0x623c72cb71dd583de01ada0ae48f01423bb904fd,0x5427fefa711eff984124bfbb1ab6fbf5e3da1820,24745.922151,,,,SHI,erc20,"{'value': '0x053d7aa81ed1e1497000', 'address': '0xad996a45fd2373ed0b10efa4a8ecb9de445a4302', 'decimal': '0x12'}",{'blockTimestamp': '2022-09-26T12:57:23.000Z'}
160,0xee0a3e,0x4153aadc799e487ca99f9a362b06c23335b003c4be585c6c5584a57a8ff77ebb:log:406,0x4153aadc799e487ca99f9a362b06c23335b003c4be585c6c5584a57a8ff77ebb,0x5427fefa711eff984124bfbb1ab6fbf5e3da1820,0x623c72cb71dd583de01ada0ae48f01423bb904fd,49745.92215128066,,,,SHI,erc20,"{'value': '0x0a88bb5a1765f7a6f3ea', 'address': '0xad996a45fd2373ed0b10efa4a8ecb9de445a4302', 'decimal': '0x12'}",{'blockTimestamp': '2022-09-24T02:20:23.000Z'}
161,0xede8e3,0x1f838c1380ef0061c0a73f84568cd1aaa66e60452aed77ba619c118bdfd9948c:log:162,0x1f838c1380ef0061c0a73f84568cd1aaa66e60452aed77ba619c118bdfd9948c,0xd7f66ae33fc413a7bff5e5f7fd5c59a228d08a2b,0xae9daa2d8a9348765887207a1adc92e3bbc73d87,87748.00000000001,,,,SHI,erc20,"{'value': '0x1294d41fe32bc0900000', 'address': '0xad996a45fd2373ed0b10efa4a8ecb9de445a4302', 'decimal': '0x12'}",{'blockTimestamp': '2022-09-22T21:44:47.000Z'}
162,0xede8cf,0xcf2a793363cbfabaf04d85f475cedea51ae78558f1e5b77a45b346e16eb70bac:log:72,0xcf2a793363cbfabaf04d85f475cedea51ae78558f1e5b77a45b346e16eb70bac,0xae9daa2d8a9348765887207a1adc92e3bbc73d87,0xd7f66ae33fc413a7bff5e5f7fd5c59a228d08a2b,87748.46356164383,,,,SHI,erc20,"{'value': '0x1294da8eca07a8e16cb6', 'address': '0xad996a45fd2373ed0b10efa4a8ecb9de445a4302', 'decimal': '0x12'}",{'blockTimestamp': '2022-09-22T21:40:47.000Z'}
163,0xede890,0xf062894d02c411239b37f4ff4f00b7641261b562f2a9e43ea995abcf183bf32d:log:225,0xf062894d02c411239b37f4ff4f00b7641261b562f2a9e43ea995abcf183bf32d,0x5ac77c151c914e33a6ef94b15e2800bfe8356513,0xae9daa2d8a9348765887207a1adc92e3bbc73d87,76000.00000000001,,,,SHI,erc20,"{'value': '0x1017f7df96be17800000', 'address': '0xad996a45fd2373ed0b10efa4a8ecb9de445a4302', 'decimal': '0x12'}",{'blockTimestamp': '2022-09-22T21:28:11.000Z'}
164,0xede875,0x93f183151af0c6f3c6a5157003cf16b8a2ea407abae45f5fae09ebb9eabf72cb:log:69,0x93f183151af0c6f3c6a5157003cf16b8a2ea407abae45f5fae09ebb9eabf72cb,0xae9daa2d8a9348765887207a1adc92e3bbc73d87,0x5ac77c151c914e33a6ef94b15e2800bfe8356513,75880.0,,,,SHI,erc20,"{'value': '0x10117689f287a0a00000', 'address': '0xad996a45fd2373ed0b10efa4a8ecb9de445a4302', 'decimal': '0x12'}",{'blockTimestamp': '2022-09-22T21:22:47.000Z'}
165,0xede345,0x28c01b6ef7862dd015fd8231eadfe308074816d8e34fe62bd298774b4cfde5a4:log:140,0x28c01b6ef7862dd015fd8231eadfe308074816d8e34fe62bd298774b4cfde5a4,0xe0b87ec34e91b0a8dd2cdbf53fee239a60ff6522,0x976bfe769430ddac1ba653363e41ba05494b887f,12851414.0,,,,SHI,erc20,"{'value': '0x0aa1648c85ba6f4d980000', 'address': '0xad996a45fd2373ed0b10efa4a8ecb9de445a4302', 'decimal': '0x12'}",{'blockTimestamp': '2022-09-22T16:56:47.000Z'}
166,0xede29e,0xb350757ee4e1a61453041ce0cb8166e33c895df332aaa126c4a7edf63d2ddcf6:log:174,0xb350757ee4e1a61453041ce0cb8166e33c895df332aaa126c4a7edf63d2ddcf6,0xe0b87ec34e91b0a8dd2cdbf53fee239a60ff6522,0x976bfe769430ddac1ba653363e41ba05494b887f,1500.0,,,,SHI,erc20,"{'value': '0x5150ae84a8cdf00000', 'address': '0xad996a45fd2373ed0b10efa4a8ecb9de445a4302', 'decimal': '0x12'}",{'blockTimestamp': '2022-09-22T16:23:23.000Z'}
167,0xeddea9,0x6194603713f7cefdcacf914b4ba86e4542cc2b5066b1506135eb180333f9976d:log:32,0x6194603713f7cefdcacf914b4ba86e4542cc2b5066b1506135eb180333f9976d,0x70aade6ae0c73fa61ca3a6c276f60c235901065f,0xae9daa2d8a9348765887207a1adc92e3bbc73d87,30407.999999999996,,,,SHI,erc20,"{'value': '0x06706bc58b82de200000', 'address': '0xad996a45fd2373ed0b10efa4a8ecb9de445a4302', 'decimal': '0x12'}",{'blockTimestamp': '2022-09-22T12:58:59.000Z'}
168,0xedcc97,0x789eb1a9bf8768d95007149d5533b0e2058115e214c5877c345628dea186cd0f:log:5,0x789eb1a9bf8768d95007149d5533b0e2058115e214c5877c345628dea186cd0f,0x7defccdc77213ad10222866d9f2eebd9a5b8be70,0x0000000000000000000000000000000000000000,24141.1,,,,SHI,erc20,"{'value': '0x051cb11030f86e9e0000', 'address': '0xad996a45fd2373ed0b10efa4a8ecb9de445a4302', 'decimal': '0x12'}",{'blockTimestamp': '2022-09-21T21:25:47.000Z'}
169,0xedcc86,0x4059a89b1fab5ac4a02852b0c94107a1c70ff6f34db3477f3d7fc76a05cf46ce:log:84,0x4059a89b1fab5ac4a02852b0c94107a1c70ff6f34db3477f3d7fc76a05cf46ce,0xae9daa2d8a9348765887207a1adc92e3bbc73d87,0x7defccdc77213ad10222866d9f2eebd9a5b8be70,24141.149238356164,,,,SHI,erc20,"{'value': '0x051cb1bf1efe971e9349', 'address': '0xad996a45fd2373ed0b10efa4a8ecb9de445a4302', 'decimal': '0x12'}",{'blockTimestamp': '2022-09-21T21:22:23.000Z'}
170,0xedc2fa,0x227f858554b21a5915c44277a8a638014616c9a5ac48c85880b6e35893bd2ed5:log:165,0x227f858554b21a5915c44277a8a638014616c9a5ac48c85880b6e35893bd2ed5,0xc83a740ca5a72803ac7ec0e923a71412478e7c12,0xae9daa2d8a9348765887207a1adc92e3bbc73d87,42140.28,,,,SHI,erc20,"{'value': '0x08ec6ddd2f3a4a0c0000', 'address': '0xad996a45fd2373ed0b10efa4a8ecb9de445a4302', 'decimal': '0x12'}",{'blockTimestamp': '2022-09-21T13:07:47.000Z'}
171,0xedc014,0x4a3cab38ad873ed1ced1e0ecfb74b5ee4b3a61d4928cf93163d7cd187ad47372:log:0,0x4a3cab38ad873ed1ced1e0ecfb74b5ee4b3a61d4928cf93163d7cd187ad47372,0xa337321a3b9909aec6e7053ef8e8fdb24e4614f2,0xe0b87ec34e91b0a8dd2cdbf53fee239a60ff6522,5977914.0,,,,SHI,erc20,"{'value': '0x04f1df5e067e3668a80000', 'address': '0xad996a45fd2373ed0b10efa4a8ecb9de445a4302', 'decimal': '0x12'}",{'blockTimestamp': '2022-09-21T10:37:35.000Z'}
172,0xedbf76,0x6b6f6c791c55aa1229e686b680b16ae211d48dd7f56bac127a5ae3eae080d077:log:17,0x6b6f6c791c55aa1229e686b680b16ae211d48dd7f56bac127a5ae3eae080d077,0xc36442b4a4522e871399cd717abdd847ab11fe88,0xa337321a3b9909aec6e7053ef8e8fdb24e4614f2,5912762.929588847,,,,SHI,erc20,"{'value': '0x04e413854b746f0b8c1752', 'address': '0xad996a45fd2373ed0b10efa4a8ecb9de445a4302', 'decimal': '0x12'}",{'blockTimestamp': '2022-09-21T10:04:11.000Z'}
173,0xedbf76,0x6b6f6c791c55aa1229e686b680b16ae211d48dd7f56bac127a5ae3eae080d077:log:12,0x6b6f6c791c55aa1229e686b680b16ae211d48dd7f56bac127a5ae3eae080d077,0xf4efa119b67af251449ced01f1ea3f1c59a59c44,0xc36442b4a4522e871399cd717abdd847ab11fe88,5912762.929588847,,,,SHI,erc20,"{'value': '0x04e413854b746f0b8c1752', 'address': '0xad996a45fd2373ed0b10efa4a8ecb9de445a4302', 'decimal': '0x12'}",{'blockTimestamp': '2022-09-21T10:04:11.000Z'}
174,0xedbf28,0xf5e0ea42a9f4784355db91a1d3b9b02e41bd282eeb791268e17e9337f0c50c1a:log:108,0xf5e0ea42a9f4784355db91a1d3b9b02e41bd282eeb791268e17e9337f0c50c1a,0xc36442b4a4522e871399cd717abdd847ab11fe88,0xa337321a3b9909aec6e7053ef8e8fdb24e4614f2,61016.32126361831,,,,SHI,erc20,"{'value': '0x0cebb38f2eef8aeb36f1', 'address': '0xad996a45fd2373ed0b10efa4a8ecb9de445a4302', 'decimal': '0x12'}",{'blockTimestamp': '2022-09-21T09:47:59.000Z'}
175,0xedbf28,0xf5e0ea42a9f4784355db91a1d3b9b02e41bd282eeb791268e17e9337f0c50c1a:log:103,0xf5e0ea42a9f4784355db91a1d3b9b02e41bd282eeb791268e17e9337f0c50c1a,0xf4efa119b67af251449ced01f1ea3f1c59a59c44,0xc36442b4a4522e871399cd717abdd847ab11fe88,61016.32126361831,,,,SHI,erc20,"{'value': '0x0cebb38f2eef8aeb36f1', 'address': '0xad996a45fd2373ed0b10efa4a8ecb9de445a4302', 'decimal': '0x12'}",{'blockTimestamp': '2022-09-21T09:47:59.000Z'}
176,0xedbec6,0x3ef9d18d3de15d379cb16aacd9922771367ec4c5b19ab1773b099ec62982a808:log:65,0x3ef9d18d3de15d379cb16aacd9922771367ec4c5b19ab1773b099ec62982a808,0x925234a26563142289491b2cc06587bd41381724,0xa337321a3b9909aec6e7053ef8e8fdb24e4614f2,4134.820164829385,,,,SHI,erc20,"{'value': '0xe0262828b239949db1', 'address': '0xad996a45fd2373ed0b10efa4a8ecb9de445a4302', 'decimal': '0x12'}",{'blockTimestamp': '2022-09-21T09:27:23.000Z'}
177,0xedb24a,0xc8b94252124550f26c0714818ed986e0f4de8e1de04d1fc842871ae435135968:log:154,0xc8b94252124550f26c0714818ed986e0f4de8e1de04d1fc842871ae435135968,0x74de5d4fcbf63e00296fd95d33236b9794016631,0x980c4ab79e19cc3b56c18f81ed3d8ea10124ea74,2780.1688255155527,,,,SHI,erc20,"{'value': '0x96b697d0d735771e90', 'address': '0xad996a45fd2373ed0b10efa4a8ecb9de445a4302', 'decimal': '0x12'}",{'blockTimestamp': '2022-09-20T22:30:11.000Z'}
178,0xedb24a,0xc8b94252124550f26c0714818ed986e0f4de8e1de04d1fc842871ae435135968:log:149,0xc8b94252124550f26c0714818ed986e0f4de8e1de04d1fc842871ae435135968,0x74de5d4fcbf63e00296fd95d33236b9794016631,0xf4efa119b67af251449ced01f1ea3f1c59a59c44,2319.794400280712,,,,SHI,erc20,"{'value': '0x7dc19d4c420031ceae', 'address': '0xad996a45fd2373ed0b10efa4a8ecb9de445a4302', 'decimal': '0x12'}",{'blockTimestamp': '2022-09-20T22:30:11.000Z'}
179,0xedb24a,0xc8b94252124550f26c0714818ed986e0f4de8e1de04d1fc842871ae435135968:log:147,0xc8b94252124550f26c0714818ed986e0f4de8e1de04d1fc842871ae435135968,0x980c4ab79e19cc3b56c18f81ed3d8ea10124ea74,0x74de5d4fcbf63e00296fd95d33236b9794016631,5099.963225796266,,,,SHI,erc20,"{'value': '0x011478351d1935a8ed3e', 'address': '0xad996a45fd2373ed0b10efa4a8ecb9de445a4302', 'decimal': '0x12'}",{'blockTimestamp': '2022-09-20T22:30:11.000Z'}
180,0xed829f,0x35cf96d171edcdad46c3d5741284ce234b4d67f1b22a846e59a8eaa85b9bed4b:log:242,0x35cf96d171edcdad46c3d5741284ce234b4d67f1b22a846e59a8eaa85b9bed4b,0x623c72cb71dd583de01ada0ae48f01423bb904fd,0x5427fefa711eff984124bfbb1ab6fbf5e3da1820,100000.0000003539,,,,SHI,erc20,"{'value': '0x152d02c7e19d5cc12170', 'address': '0xad996a45fd2373ed0b10efa4a8ecb9de445a4302', 'decimal': '0x12'}",{'blockTimestamp': '2022-09-19T05:26:11.000Z'}
181,0xed7b75,0x2e7dfba6f8d81788bcbfa0ddfccee378ce04a24996f740b45116cd36b8362991:log:28,0x2e7dfba6f8d81788bcbfa0ddfccee378ce04a24996f740b45116cd36b8362991,0xae9daa2d8a9348765887207a1adc92e3bbc73d87,0x70aade6ae0c73fa61ca3a6c276f60c235901065f,30408.130410958904,,,,SHI,erc20,"{'value': '0x06706d94db965e6c2a15', 'address': '0xad996a45fd2373ed0b10efa4a8ecb9de445a4302', 'decimal': '0x12'}",{'blockTimestamp': '2022-09-18T23:15:59.000Z'}
182,0xed747b,0x9ee92c42db2c4c7056d80d4a7b1e2607a35dc3004148fe87fd30f5ba27903aba:log:18,0x9ee92c42db2c4c7056d80d4a7b1e2607a35dc3004148fe87fd30f5ba27903aba,0x55eb3648b9581264309337c124570a8382e9878a,0xae9daa2d8a9348765887207a1adc92e3bbc73d87,12000.0,,,,SHI,erc20,"{'value': '0x028a857425466f800000', 'address': '0xad996a45fd2373ed0b10efa4a8ecb9de445a4302', 'decimal': '0x12'}",{'blockTimestamp': '2022-09-18T17:14:59.000Z'}
183,0xed737e,0xf5e81bd7475d2ef41a49d907af73c87300276787f9d059187e1563fe34a13c46:log:370,0xf5e81bd7475d2ef41a49d907af73c87300276787f9d059187e1563fe34a13c46,0x9c3a0695876d36208b0170db82c5a60020da4b3c,0xae9daa2d8a9348765887207a1adc92e3bbc73d87,12359.38,,,,SHI,erc20,"{'value': '0x029e00da6332c3620000', 'address': '0xad996a45fd2373ed0b10efa4a8ecb9de445a4302', 'decimal': '0x12'}",{'blockTimestamp': '2022-09-18T16:24:11.000Z'}
184,0xed71da,0xc2e19b5e769bbf0574c83826e4113031aae56ed8e47e1e2de0c4020571016c7a:log:171,0xc2e19b5e769bbf0574c83826e4113031aae56ed8e47e1e2de0c4020571016c7a,0x0000000000000000000000000000000000000000,0x9c3a0695876d36208b0170db82c5a60020da4b3c,12359.38,,,,SHI,erc20,"{'value': '0x029e00da6332c3620000', 'address': '0xad996a45fd2373ed0b10efa4a8ecb9de445a4302', 'decimal': '0x12'}",{'blockTimestamp': '2022-09-18T14:58:59.000Z'}
185,0xed716c,0x3bc88e2707154934addf1281b18f9abf95845e4960cc8992f3ec34d587bb293f:log:195,0x3bc88e2707154934addf1281b18f9abf95845e4960cc8992f3ec34d587bb293f,0xf4efa119b67af251449ced01f1ea3f1c59a59c44,0xab1b7894ac6db92e448303bc74b3a24f4cd3071c,420.07734540891903,,,,SHI,erc20,"{'value': '0x16c5be87fbf7afe5ee', 'address': '0xad996a45fd2373ed0b10efa4a8ecb9de445a4302', 'decimal': '0x12'}",{'blockTimestamp': '2022-09-18T14:36:47.000Z'}
186,0xed7103,0xe11503d92f4b24201d1abb7d430ca8f2d5cba3f9fa5672210f44f70842f0bf4e:log:176,0xe11503d92f4b24201d1abb7d430ca8f2d5cba3f9fa5672210f44f70842f0bf4e,0xf4efa119b67af251449ced01f1ea3f1c59a59c44,0xab1b7894ac6db92e448303bc74b3a24f4cd3071c,1142.5342803805488,,,,SHI,erc20,"{'value': '0x3defd92a999d29cbf0', 'address': '0xad996a45fd2373ed0b10efa4a8ecb9de445a4302', 'decimal': '0x12'}",{'blockTimestamp': '2022-09-18T14:15:47.000Z'}
187,0xed6ad3,0xce88f7aa9bec50926c9db480bc4648e571dc7784b6f55961d823a0e13ec530ba:log:103,0xce88f7aa9bec50926c9db480bc4648e571dc7784b6f55961d823a0e13ec530ba,0x5e7a56e61f04aa15143664921942e972958cb9bc,0x180e9d17d16d586c7878728fb833f3448305a667,1614.3289161574644,,,,SHI,erc20,"{'value': '0x5783506c29ff046b40', 'address': '0xad996a45fd2373ed0b10efa4a8ecb9de445a4302', 'decimal': '0x12'}",{'blockTimestamp': '2022-09-18T08:55:47.000Z'}
188,0xed5b37,0x307ac9f8e2d865f4cd6de412829bae114b862e184ff08a955bbdec6db2822d9d:log:172,0x307ac9f8e2d865f4cd6de412829bae114b862e184ff08a955bbdec6db2822d9d,0x0d0707963952f2fba59dd06f2b425ace40b492fe,0x55eb3648b9581264309337c124570a8382e9878a,12000.0,,,,SHI,erc20,"{'value': '0x028a857425466f800000', 'address': '0xad996a45fd2373ed0b10efa4a8ecb9de445a4302', 'decimal': '0x12'}",{'blockTimestamp': '2022-09-17T19:28:35.000Z'}
189,0xed358b,0x0ec90ef0ff6137447ed8a2b5db024dddb529ca0afd07e899a2ea76945163eff7:log:91,0x0ec90ef0ff6137447ed8a2b5db024dddb529ca0afd07e899a2ea76945163eff7,0x74de5d4fcbf63e00296fd95d33236b9794016631,0x5e7a56e61f04aa15143664921942e972958cb9bc,750.2233912904026,,,,SHI,erc20,"{'value': '0x28ab70e7865553ddf8', 'address': '0xad996a45fd2373ed0b10efa4a8ecb9de445a4302', 'decimal': '0x12'}",{'blockTimestamp': '2022-09-16T10:59:35.000Z'}
190,0xed358b,0x0ec90ef0ff6137447ed8a2b5db024dddb529ca0afd07e899a2ea76945163eff7:log:88,0x0ec90ef0ff6137447ed8a2b5db024dddb529ca0afd07e899a2ea76945163eff7,0xf4efa119b67af251449ced01f1ea3f1c59a59c44,0x74de5d4fcbf63e00296fd95d33236b9794016631,750.2233912904026,,,,SHI,erc20,"{'value': '0x28ab70e7865553ddf8', 'address': '0xad996a45fd2373ed0b10efa4a8ecb9de445a4302', 'decimal': '0x12'}",{'blockTimestamp': '2022-09-16T10:59:35.000Z'}
191,0xed194a,0x05650d548c225b9a85312daf8bace9c0b7e8a25b7720c0006566509f8cf48374:log:75,0x05650d548c225b9a85312daf8bace9c0b7e8a25b7720c0006566509f8cf48374,0x7c21a429766095e087f437e457e5d6c78ad021c5,0x5427fefa711eff984124bfbb1ab6fbf5e3da1820,150000.0,,,,SHI,erc20,"{'value': '0x1fc3842bd1f071c00000', 'address': '0xad996a45fd2373ed0b10efa4a8ecb9de445a4302', 'decimal': '0x12'}",{'blockTimestamp': '2022-09-15T10:28:35.000Z'}
192,0xecfe72,0xdcaa3b3657b470bdef4d586548cebb747a47458d3d21dff0ada47a7522c2275f:log:288,0xdcaa3b3657b470bdef4d586548cebb747a47458d3d21dff0ada47a7522c2275f,0x623c72cb71dd583de01ada0ae48f01423bb904fd,0x5427fefa711eff984124bfbb1ab6fbf5e3da1820,87144.91744599999,,,,SHI,erc20,"{'value': '0x127422ac3f93833a6000', 'address': '0xad996a45fd2373ed0b10efa4a8ecb9de445a4302', 'decimal': '0x12'}",{'blockTimestamp': '2022-09-14T07:16:53.000Z'}
193,0xecf31c,0x378f5617791ee8234bf3f0cfa9e497ee6fc3dc52d806242b4589a5a271625bca:log:367,0x378f5617791ee8234bf3f0cfa9e497ee6fc3dc52d806242b4589a5a271625bca,0x6a3ab2fccb2f784e256279f5e907ebd3eaa3826e,0xae9daa2d8a9348765887207a1adc92e3bbc73d87,301000.0,,,,SHI,erc20,"{'value': '0x3fbd3e2151a6c2200000', 'address': '0xad996a45fd2373ed0b10efa4a8ecb9de445a4302', 'decimal': '0x12'}",{'blockTimestamp': '2022-09-13T19:35:59.000Z'}
194,0xecebec,0x7a8fbd4934df60a2d3a5c3c98d2ae43e33f666cdd679f25c520e6f194a046989:log:524,0x7a8fbd4934df60a2d3a5c3c98d2ae43e33f666cdd679f25c520e6f194a046989,0x74de5d4fcbf63e00296fd95d33236b9794016631,0x980c4ab79e19cc3b56c18f81ed3d8ea10124ea74,5099.963225796266,,,,SHI,erc20,"{'value': '0x011478351d1935a8ed3e', 'address': '0xad996a45fd2373ed0b10efa4a8ecb9de445a4302', 'decimal': '0x12'}",{'blockTimestamp': '2022-09-13T12:17:05.000Z'}
195,0xecebec,0x7a8fbd4934df60a2d3a5c3c98d2ae43e33f666cdd679f25c520e6f194a046989:log:521,0x7a8fbd4934df60a2d3a5c3c98d2ae43e33f666cdd679f25c520e6f194a046989,0x74de5d4fcbf63e00296fd95d33236b9794016631,0xf4efa119b67af251449ced01f1ea3f1c59a59c44,2112.948760543893,,,,SHI,erc20,"{'value': '0x728b0df6d514a9a540', 'address': '0xad996a45fd2373ed0b10efa4a8ecb9de445a4302', 'decimal': '0x12'}",{'blockTimestamp': '2022-09-13T12:17:05.000Z'}
196,0xecebec,0x7a8fbd4934df60a2d3a5c3c98d2ae43e33f666cdd679f25c520e6f194a046989:log:519,0x7a8fbd4934df60a2d3a5c3c98d2ae43e33f666cdd679f25c520e6f194a046989,0x980c4ab79e19cc3b56c18f81ed3d8ea10124ea74,0x74de5d4fcbf63e00296fd95d33236b9794016631,7212.911986340158,,,,SHI,erc20,"{'value': '0x0187034313ee4a52927e', 'address': '0xad996a45fd2373ed0b10efa4a8ecb9de445a4302', 'decimal': '0x12'}",{'blockTimestamp': '2022-09-13T12:17:05.000Z'}
197,0xecdfcf,0x9cc58c08f137d3f32980058b1776b70b8f5caccc8c26eecd98763404dbec52a7:log:98,0x9cc58c08f137d3f32980058b1776b70b8f5caccc8c26eecd98763404dbec52a7,0x8b7210c1d573a778e2a8d607edec2a58d9379f4b,0xae9daa2d8a9348765887207a1adc92e3bbc73d87,41234.780000000006,,,,SHI,erc20,"{'value': '0x08bb5786f2c5b5d60000', 'address': '0xad996a45fd2373ed0b10efa4a8ecb9de445a4302', 'decimal': '0x12'}",{'blockTimestamp': '2022-09-12T23:57:09.000Z'}
198,0xecdec3,0xeed5c5739974ec03e1d682902470d6872b9c605d5f93191a616c7040b999d80e:log:124,0xeed5c5739974ec03e1d682902470d6872b9c605d5f93191a616c7040b999d80e,0x0000000000000000000000000000000000000000,0x8b7210c1d573a778e2a8d607edec2a58d9379f4b,41234.780000000006,,,,SHI,erc20,"{'value': '0x08bb5786f2c5b5d60000', 'address': '0xad996a45fd2373ed0b10efa4a8ecb9de445a4302', 'decimal': '0x12'}",{'blockTimestamp': '2022-09-12T22:54:29.000Z'}
199,0xecd256,0xceac68912ddfc3b49190b79c5d9a21a3c99bbace9aa2408d9916de15b1e13f88:log:113,0xceac68912ddfc3b49190b79c5d9a21a3c99bbace9aa2408d9916de15b1e13f88,0x7c21a429766095e087f437e457e5d6c78ad021c5,0xf4efa119b67af251449ced01f1ea3f1c59a59c44,1000.0,,,,SHI,erc20,"{'value': '0x3635c9adc5dea00000', 'address': '0xad996a45fd2373ed0b10efa4a8ecb9de445a4302', 'decimal': '0x12'}",{'blockTimestamp': '2022-09-12T10:24:49.000Z'}
200,0xecd24d,0x61753f04d351d8e236d4e2a632ff22ca31fbaeee89702b578c6326d31152c571:log:180,0x61753f04d351d8e236d4e2a632ff22ca31fbaeee89702b578c6326d31152c571,0x7c21a429766095e087f437e457e5d6c78ad021c5,0xf4efa119b67af251449ced01f1ea3f1c59a59c44,1000.0,,,,SHI,erc20,"{'value': '0x3635c9adc5dea00000', 'address': '0xad996a45fd2373ed0b10efa4a8ecb9de445a4302', 'decimal': '0x12'}",{'blockTimestamp': '2022-09-12T10:22:22.000Z'}
201,0xecc4eb,0xc3f8ea46ad8c031e6091656745293c8a8d5d3fc47b69de8519d024bedab05107:log:105,0xc3f8ea46ad8c031e6091656745293c8a8d5d3fc47b69de8519d024bedab05107,0x74de5d4fcbf63e00296fd95d33236b9794016631,0x5e7a56e61f04aa15143664921942e972958cb9bc,617.0960211422037,,,,SHI,erc20,"{'value': '0x2173ed79b6c7fe35bc', 'address': '0xad996a45fd2373ed0b10efa4a8ecb9de445a4302', 'decimal': '0x12'}",{'blockTimestamp': '2022-09-11T20:50:33.000Z'}
202,0xecc4eb,0xc3f8ea46ad8c031e6091656745293c8a8d5d3fc47b69de8519d024bedab05107:log:102,0xc3f8ea46ad8c031e6091656745293c8a8d5d3fc47b69de8519d024bedab05107,0xf4efa119b67af251449ced01f1ea3f1c59a59c44,0x74de5d4fcbf63e00296fd95d33236b9794016631,617.0960211422037,,,,SHI,erc20,"{'value': '0x2173ed79b6c7fe35bc', 'address': '0xad996a45fd2373ed0b10efa4a8ecb9de445a4302', 'decimal': '0x12'}",{'blockTimestamp': '2022-09-11T20:50:33.000Z'}
203,0xecb72b,0x358cca10ad3835adf5e5559a1f6e9190c6f5272cc5b20369d36d793a82921583:log:300,0x358cca10ad3835adf5e5559a1f6e9190c6f5272cc5b20369d36d793a82921583,0x5427fefa711eff984124bfbb1ab6fbf5e3da1820,0x6a3ab2fccb2f784e256279f5e907ebd3eaa3826e,301106.0664319059,,,,SHI,erc20,"{'value': '0x3fc2fe18fb817b9df6bf', 'address': '0xad996a45fd2373ed0b10efa4a8ecb9de445a4302', 'decimal': '0x12'}",{'blockTimestamp': '2022-09-11T06:48:28.000Z'}
204,0xeca3c0,0x4d2d7687b8e89f700b5e05687af3653092e6d59e7befc8cd4db2b45f9b0bc9dd:log:92,0x4d2d7687b8e89f700b5e05687af3653092e6d59e7befc8cd4db2b45f9b0bc9dd,0xf0dc8e78833f4022aef2693cf765f2c94cd5b1a8,0xab1b7894ac6db92e448303bc74b3a24f4cd3071c,6060.7073900000005,,,,SHI,erc20,"{'value': '0x01488d360c3376d9e000', 'address': '0xad996a45fd2373ed0b10efa4a8ecb9de445a4302', 'decimal': '0x12'}",{'blockTimestamp': '2022-09-10T10:52:34.000Z'}
205,0xec927f,0x16dd603235c3d18a93f16f696828a79fe51e59945686a0e1ad913f086e4e0413:log:108,0x16dd603235c3d18a93f16f696828a79fe51e59945686a0e1ad913f086e4e0413,0x0000000000000000000000000000000000000000,0x922c39f900605a7e458be2459d39838583d3017d,24005.28,,,,SHI,erc20,"{'value': '0x0515542e9e935d100000', 'address': '0xad996a45fd2373ed0b10efa4a8ecb9de445a4302', 'decimal': '0x12'}",{'blockTimestamp': '2022-09-09T17:34:45.000Z'}
206,0xec59b8,0x1a41d29463d93ee1f87e108162a626cfd5f13d88507bbe7c390c13d6e4974950:log:492,0x1a41d29463d93ee1f87e108162a626cfd5f13d88507bbe7c390c13d6e4974950,0x5427fefa711eff984124bfbb1ab6fbf5e3da1820,0x623c72cb71dd583de01ada0ae48f01423bb904fd,18845.251787823898,,,,SHI,erc20,"{'value': '0x03fd9a67ce9a46aba8c8', 'address': '0xad996a45fd2373ed0b10efa4a8ecb9de445a4302', 'decimal': '0x12'}",{'blockTimestamp': '2022-09-07T09:13:22.000Z'}
207,0xec575d,0x829d2384b9b19e4b95006abb7c9033b084ebeebe8b887edfb09e00f51cd1da03:log:45,0x829d2384b9b19e4b95006abb7c9033b084ebeebe8b887edfb09e00f51cd1da03,0x74de5d4fcbf63e00296fd95d33236b9794016631,0x5e7a56e61f04aa15143664921942e972958cb9bc,246.8586234599393,,,,SHI,erc20,"{'value': '0x0d61da021faf9821af', 'address': '0xad996a45fd2373ed0b10efa4a8ecb9de445a4302', 'decimal': '0x12'}",{'blockTimestamp': '2022-09-07T06:45:21.000Z'}
208,0xec575d,0x829d2384b9b19e4b95006abb7c9033b084ebeebe8b887edfb09e00f51cd1da03:log:42,0x829d2384b9b19e4b95006abb7c9033b084ebeebe8b887edfb09e00f51cd1da03,0xf4efa119b67af251449ced01f1ea3f1c59a59c44,0x74de5d4fcbf63e00296fd95d33236b9794016631,246.8586234599393,,,,SHI,erc20,"{'value': '0x0d61da021faf9821af', 'address': '0xad996a45fd2373ed0b10efa4a8ecb9de445a4302', 'decimal': '0x12'}",{'blockTimestamp': '2022-09-07T06:45:21.000Z'}
209,0xec4832,0x99211527bc33b97ae4ece06a495eccadcf66565883dc22c5cea59b8447621aaf:log:128,0x99211527bc33b97ae4ece06a495eccadcf66565883dc22c5cea59b8447621aaf,0x0000000000000000000000000000000000000000,0xc83a740ca5a72803ac7ec0e923a71412478e7c12,42140.28,,,,SHI,erc20,"{'value': '0x08ec6ddd2f3a4a0c0000', 'address': '0xad996a45fd2373ed0b10efa4a8ecb9de445a4302', 'decimal': '0x12'}",{'blockTimestamp': '2022-09-06T15:52:19.000Z'}
210,0xec42d8,0xdf71a8fbb4705644b091fea66eee42192e663ff370c10aeb68d9ecf5b1452365:log:254,0xdf71a8fbb4705644b091fea66eee42192e663ff370c10aeb68d9ecf5b1452365,0x723c0c494c851d0cbee61879bd97d709fedd2e03,0x153246c1d9e239f2d92e12151b42c976679a8550,578066.9673972602,,,,SHI,erc20,"{'value': '0x7a6912b655c09458f57a', 'address': '0xad996a45fd2373ed0b10efa4a8ecb9de445a4302', 'decimal': '0x12'}",{'blockTimestamp': '2022-09-06T10:40:01.000Z'}
211,0xec427c,0x1dbb2e86d85629f3d38c28dd1b2a19fd9e831bd5c77f81e4f848b15bbf48cd9a:log:94,0x1dbb2e86d85629f3d38c28dd1b2a19fd9e831bd5c77f81e4f848b15bbf48cd9a,0xae9daa2d8a9348765887207a1adc92e3bbc73d87,0x723c0c494c851d0cbee61879bd97d709fedd2e03,519726.0273972603,,,,SHI,erc20,"{'value': '0x6e0e6786c34cca6af57a', 'address': '0xad996a45fd2373ed0b10efa4a8ecb9de445a4302', 'decimal': '0x12'}",{'blockTimestamp': '2022-09-06T10:22:06.000Z'}
212,0xec22ed,0x067b8cfedd75ca834c75aa595634c4a7adc3ae8924585ae0ec5e6f7eca940b1a:log:186,0x067b8cfedd75ca834c75aa595634c4a7adc3ae8924585ae0ec5e6f7eca940b1a,0x0000000000000000000000000000000000000000,0x8f77569cbd03908b4d2f816e1d518376eb4f5349,25090.879999999997,,,,SHI,erc20,"{'value': '0x05502de896d201200000', 'address': '0xad996a45fd2373ed0b10efa4a8ecb9de445a4302', 'decimal': '0x12'}",{'blockTimestamp': '2022-09-05T03:08:32.000Z'}
213,0xec1929,0xeaefc6c4497b5d262e14d93472920690c7e560704036187302e5a28bb7d3a87c:log:326,0xeaefc6c4497b5d262e14d93472920690c7e560704036187302e5a28bb7d3a87c,0x74de5d4fcbf63e00296fd95d33236b9794016631,0xccf415e4f27e339de3201d303db375f7cca10771,555.4741433846751,,,,SHI,erc20,"{'value': '0x1e1cc0966155f51165', 'address': '0xad996a45fd2373ed0b10efa4a8ecb9de445a4302', 'decimal': '0x12'}",{'blockTimestamp': '2022-09-04T17:31:17.000Z'}
214,0xec1929,0xeaefc6c4497b5d262e14d93472920690c7e560704036187302e5a28bb7d3a87c:log:323,0xeaefc6c4497b5d262e14d93472920690c7e560704036187302e5a28bb7d3a87c,0xf4efa119b67af251449ced01f1ea3f1c59a59c44,0x74de5d4fcbf63e00296fd95d33236b9794016631,555.4741433846751,,,,SHI,erc20,"{'value': '0x1e1cc0966155f51165', 'address': '0xad996a45fd2373ed0b10efa4a8ecb9de445a4302', 'decimal': '0x12'}",{'blockTimestamp': '2022-09-04T17:31:17.000Z'}
215,0xec008c,0x940749096b0e8ae69c0818419c6f01af541515d24a707daecb6baf4e235755ce:log:87,0x940749096b0e8ae69c0818419c6f01af541515d24a707daecb6baf4e235755ce,0x2207913c81e36dad5687d08eb6b23b42a075d14b,0x5427fefa711eff984124bfbb1ab6fbf5e3da1820,124.5363476956897,,,,SHI,erc20,"{'value': '0x06c049fc684a1f1421', 'address': '0xad996a45fd2373ed0b10efa4a8ecb9de445a4302', 'decimal': '0x12'}",{'blockTimestamp': '2022-09-03T17:18:32.000Z'}
216,0xec0082,0x58034c8987e60e996af91eb72be5bb189a5b266aa7600b40d07a7cb3e80a0e16:log:532,0x58034c8987e60e996af91eb72be5bb189a5b266aa7600b40d07a7cb3e80a0e16,0xf4efa119b67af251449ced01f1ea3f1c59a59c44,0x2207913c81e36dad5687d08eb6b23b42a075d14b,124.5363476956897,,,,SHI,erc20,"{'value': '0x06c049fc684a1f1421', 'address': '0xad996a45fd2373ed0b10efa4a8ecb9de445a4302', 'decimal': '0x12'}",{'blockTimestamp': '2022-09-03T17:16:08.000Z'}
217,0xebf8d2,0xdc414a5edc5e8665dc3f2ec7c9f426cfd4e16a3daf048e07d70cf03b905c9ca5:log:189,0xdc414a5edc5e8665dc3f2ec7c9f426cfd4e16a3daf048e07d70cf03b905c9ca5,0x0d0707963952f2fba59dd06f2b425ace40b492fe,0xf0dc8e78833f4022aef2693cf765f2c94cd5b1a8,6060.7073900000005,,,,SHI,erc20,"{'value': '0x01488d360c3376d9e000', 'address': '0xad996a45fd2373ed0b10efa4a8ecb9de445a4302', 'decimal': '0x12'}",{'blockTimestamp': '2022-09-03T09:50:54.000Z'}
218,0xebf6e2,0x1c6d05b3996681f54a684328229f09abf9ef72db00918643e465743d6b6c477c:log:460,0x1c6d05b3996681f54a684328229f09abf9ef72db00918643e465743d6b6c477c,0x120abd28c6923b41ce9551754c5dfb5cbc7ecf84,0x275280d70034d6271e9dfb18efb0ee8b6bb74bc1,6.644778579753756,,,,SHI,erc20,"{'value': '0x5c36fee9a958e36f', 'address': '0xad996a45fd2373ed0b10efa4a8ecb9de445a4302', 'decimal': '0x12'}",{'blockTimestamp': '2022-09-03T07:56:32.000Z'}
219,0xebeefd,0xe141cae82dbffde8914b970ff1692204434ba0098fde287dfcb1d63332b2cdd2:log:308,0xe141cae82dbffde8914b970ff1692204434ba0098fde287dfcb1d63332b2cdd2,0x120abd28c6923b41ce9551754c5dfb5cbc7ecf84,0x275280d70034d6271e9dfb18efb0ee8b6bb74bc1,2550.0,,,,SHI,erc20,"{'value': '0x8a3c5be1855e180000', 'address': '0xad996a45fd2373ed0b10efa4a8ecb9de445a4302', 'decimal': '0x12'}",{'blockTimestamp': '2022-09-02T23:54:57.000Z'}
220,0xebe5ac,0x6793d20b4657e700d0b4dc480b262705ad154cb5506dfbd1f2c0e82027ed56ef:log:37,0x6793d20b4657e700d0b4dc480b262705ad154cb5506dfbd1f2c0e82027ed56ef,0xc0ed1b8ef4a4123500c5d14c1432111e7cde2cca,0xae9daa2d8a9348765887207a1adc92e3bbc73d87,35318.98,,,,SHI,erc20,"{'value': '0x077aa54f5e0625fa0000', 'address': '0xad996a45fd2373ed0b10efa4a8ecb9de445a4302', 'decimal': '0x12'}",{'blockTimestamp': '2022-09-02T14:44:25.000Z'}
221,0xebe59a,0x168deab5944459f62cf934761e3de2662beda05513c6b00ea01f3f980b94a62a:log:297,0x168deab5944459f62cf934761e3de2662beda05513c6b00ea01f3f980b94a62a,0x0000000000000000000000000000000000000000,0xc0ed1b8ef4a4123500c5d14c1432111e7cde2cca,35318.98,,,,SHI,erc20,"{'value': '0x077aa54f5e0625fa0000', 'address': '0xad996a45fd2373ed0b10efa4a8ecb9de445a4302', 'decimal': '0x12'}",{'blockTimestamp': '2022-09-02T14:41:06.000Z'}
222,0xebe40f,0x1a22d07b20201db211f8730be8327c091a12aacd79b3acfb59854311cb5040df:log:124,0x1a22d07b20201db211f8730be8327c091a12aacd79b3acfb59854311cb5040df,0x74de5d4fcbf63e00296fd95d33236b9794016631,0x120abd28c6923b41ce9551754c5dfb5cbc7ecf84,2556.6447785797536,,,,SHI,erc20,"{'value': '0x8a9892e06f0770e36f', 'address': '0xad996a45fd2373ed0b10efa4a8ecb9de445a4302', 'decimal': '0x12'}",{'blockTimestamp': '2022-09-02T13:10:20.000Z'}
223,0xebe40f,0x1a22d07b20201db211f8730be8327c091a12aacd79b3acfb59854311cb5040df:log:121,0x1a22d07b20201db211f8730be8327c091a12aacd79b3acfb59854311cb5040df,0xf4efa119b67af251449ced01f1ea3f1c59a59c44,0x74de5d4fcbf63e00296fd95d33236b9794016631,2556.6447785797536,,,,SHI,erc20,"{'value': '0x8a9892e06f0770e36f', 'address': '0xad996a45fd2373ed0b10efa4a8ecb9de445a4302', 'decimal': '0x12'}",{'blockTimestamp': '2022-09-02T13:10:20.000Z'}
224,0xebdf9c,0x8c32573f82869a912a51f519f1ee1afc71cf4fa0720f81eac57486af17a91f2b:log:357,0x8c32573f82869a912a51f519f1ee1afc71cf4fa0720f81eac57486af17a91f2b,0x5427fefa711eff984124bfbb1ab6fbf5e3da1820,0x623c72cb71dd583de01ada0ae48f01423bb904fd,20147.9044323822,,,,SHI,erc20,"{'value': '0x04443857ad14336c1767', 'address': '0xad996a45fd2373ed0b10efa4a8ecb9de445a4302', 'decimal': '0x12'}",{'blockTimestamp': '2022-09-02T08:53:08.000Z'}
225,0xeb9984,0xfe4243269d4efc050c273e37e53c061cbfc4d9b84083d51f581570bd52fa7b91:log:271,0xfe4243269d4efc050c273e37e53c061cbfc4d9b84083d51f581570bd52fa7b91,0x0000000000000000000000000000000000000000,0x14248424a1bec9a901235b7527104c3ee565974c,6218.2699999999995,,,,SHI,erc20,"{'value': '0x015117d4e3318c430000', 'address': '0xad996a45fd2373ed0b10efa4a8ecb9de445a4302', 'decimal': '0x12'}",{'blockTimestamp': '2022-08-30T12:02:58.000Z'}
226,0xeb954c,0x78af18a68037bea52caa0dddc3f8b6c68c78d31c79e1839244c15f0352d161ae:log:172,0x78af18a68037bea52caa0dddc3f8b6c68c78d31c79e1839244c15f0352d161ae,0xae9daa2d8a9348765887207a1adc92e3bbc73d87,0x2469d38ccd67d7882f80de38b3975fa24509666e,22294.167671232877,,,,SHI,erc20,"{'value': '0x04b891ba716c71431188', 'address': '0xad996a45fd2373ed0b10efa4a8ecb9de445a4302', 'decimal': '0x12'}",{'blockTimestamp': '2022-08-30T07:48:36.000Z'}
227,0xeb80eb,0xca24f7094565ce10cdb8fda450fd2e3160012c5a9568eab81fa5faad16f56e79:log:497,0xca24f7094565ce10cdb8fda450fd2e3160012c5a9568eab81fa5faad16f56e79,0x74de5d4fcbf63e00296fd95d33236b9794016631,0x980c4ab79e19cc3b56c18f81ed3d8ea10124ea74,7212.911986340158,,,,SHI,erc20,"{'value': '0x0187034313ee4a52927e', 'address': '0xad996a45fd2373ed0b10efa4a8ecb9de445a4302', 'decimal': '0x12'}",{'blockTimestamp': '2022-08-29T11:59:34.000Z'}
228,0xeb80eb,0xca24f7094565ce10cdb8fda450fd2e3160012c5a9568eab81fa5faad16f56e79:log:494,0xca24f7094565ce10cdb8fda450fd2e3160012c5a9568eab81fa5faad16f56e79,0x74de5d4fcbf63e00296fd95d33236b9794016631,0xf4efa119b67af251449ced01f1ea3f1c59a59c44,4353.570304548448,,,,SHI,erc20,"{'value': '0xec01ecc5c8636455e8', 'address': '0xad996a45fd2373ed0b10efa4a8ecb9de445a4302', 'decimal': '0x12'}",{'blockTimestamp': '2022-08-29T11:59:34.000Z'}
229,0xeb80eb,0xca24f7094565ce10cdb8fda450fd2e3160012c5a9568eab81fa5faad16f56e79:log:492,0xca24f7094565ce10cdb8fda450fd2e3160012c5a9568eab81fa5faad16f56e79,0x980c4ab79e19cc3b56c18f81ed3d8ea10124ea74,0x74de5d4fcbf63e00296fd95d33236b9794016631,11566.482290888605,,,,SHI,erc20,"{'value': '0x0273052fd9b6adb6e866', 'address': '0xad996a45fd2373ed0b10efa4a8ecb9de445a4302', 'decimal': '0x12'}",{'blockTimestamp': '2022-08-29T11:59:34.000Z'}
230,0xeb8082,0x1ce7cd1c48fa08a2a83eb31a5ad7bc632714bc0b6754f1b121806538e61976ed:log:74,0x1ce7cd1c48fa08a2a83eb31a5ad7bc632714bc0b6754f1b121806538e61976ed,0x97db42b8ab80896e78dec2d6000d6086e99ff862,0xae9daa2d8a9348765887207a1adc92e3bbc73d87,88977.96,,,,SHI,erc20,"{'value': '0x12d7813f9a9044040000', 'address': '0xad996a45fd2373ed0b10efa4a8ecb9de445a4302', 'decimal': '0x12'}",{'blockTimestamp': '2022-08-29T11:36:04.000Z'}
231,0xeb8067,0x8e6c544aa91857e9758f2f1da94e7022114c8ac7fd7ee81daef1b70c17c0f47a:log:663,0x8e6c544aa91857e9758f2f1da94e7022114c8ac7fd7ee81daef1b70c17c0f47a,0x0000000000000000000000000000000000000000,0x97db42b8ab80896e78dec2d6000d6086e99ff862,88976.98,,,,SHI,erc20,"{'value': '0x12d773a5f1c17c220000', 'address': '0xad996a45fd2373ed0b10efa4a8ecb9de445a4302', 'decimal': '0x12'}",{'blockTimestamp': '2022-08-29T11:30:17.000Z'}
232,0xeb79da,0x4131c8bbe165b2f6df5dca1212e3d2634c249b7b63582dbbe260419610044ba8:log:10,0x4131c8bbe165b2f6df5dca1212e3d2634c249b7b63582dbbe260419610044ba8,0x5e7a56e61f04aa15143664921942e972958cb9bc,0xae9daa2d8a9348765887207a1adc92e3bbc73d87,6559.0,,,,SHI,erc20,"{'value': '0x0163906904edbb1c0000', 'address': '0xad996a45fd2373ed0b10efa4a8ecb9de445a4302', 'decimal': '0x12'}",{'blockTimestamp': '2022-08-29T04:54:54.000Z'}
233,0xeb79c8,0xa563dea6b06e0d54ec2220486a5f985fa6082f94ecc787b68d3315787d40acb8:log:133,0xa563dea6b06e0d54ec2220486a5f985fa6082f94ecc787b68d3315787d40acb8,0x74de5d4fcbf63e00296fd95d33236b9794016631,0x5e7a56e61f04aa15143664921942e972958cb9bc,796.3723514809625,,,,SHI,erc20,"{'value': '0x2b2be2f24f754b4e26', 'address': '0xad996a45fd2373ed0b10efa4a8ecb9de445a4302', 'decimal': '0x12'}",{'blockTimestamp': '2022-08-29T04:51:14.000Z'}
234,0xeb79c8,0xa563dea6b06e0d54ec2220486a5f985fa6082f94ecc787b68d3315787d40acb8:log:130,0xa563dea6b06e0d54ec2220486a5f985fa6082f94ecc787b68d3315787d40acb8,0xf4efa119b67af251449ced01f1ea3f1c59a59c44,0x74de5d4fcbf63e00296fd95d33236b9794016631,796.3723514809625,,,,SHI,erc20,"{'value': '0x2b2be2f24f754b4e26', 'address': '0xad996a45fd2373ed0b10efa4a8ecb9de445a4302', 'decimal': '0x12'}",{'blockTimestamp': '2022-08-29T04:51:14.000Z'}
235,0xeb79b8,0x50b6296e6b2fb538f28fd2c2db73027683767f0238b06d22f97a6b39f42e17d2:log:181,0x50b6296e6b2fb538f28fd2c2db73027683767f0238b06d22f97a6b39f42e17d2,0x74de5d4fcbf63e00296fd95d33236b9794016631,0x5e7a56e61f04aa15143664921942e972958cb9bc,617.1611271207032,,,,SHI,erc20,"{'value': '0x2174d4c741a93684b1', 'address': '0xad996a45fd2373ed0b10efa4a8ecb9de445a4302', 'decimal': '0x12'}",{'blockTimestamp': '2022-08-29T04:47:06.000Z'}
236,0xeb79b8,0x50b6296e6b2fb538f28fd2c2db73027683767f0238b06d22f97a6b39f42e17d2:log:178,0x50b6296e6b2fb538f28fd2c2db73027683767f0238b06d22f97a6b39f42e17d2,0xf4efa119b67af251449ced01f1ea3f1c59a59c44,0x74de5d4fcbf63e00296fd95d33236b9794016631,617.1611271207032,,,,SHI,erc20,"{'value': '0x2174d4c741a93684b1', 'address': '0xad996a45fd2373ed0b10efa4a8ecb9de445a4302', 'decimal': '0x12'}",{'blockTimestamp': '2022-08-29T04:47:06.000Z'}
237,0xeb6546,0x551968425f4111ac2c657a392542423ca16fa00837a82d79ac7100c8caeffc87:log:44,0x551968425f4111ac2c657a392542423ca16fa00837a82d79ac7100c8caeffc87,0x74de5d4fcbf63e00296fd95d33236b9794016631,0x5e7a56e61f04aa15143664921942e972958cb9bc,357.9865397223723,,,,SHI,erc20,"{'value': '0x13680fad2efb43de1d', 'address': '0xad996a45fd2373ed0b10efa4a8ecb9de445a4302', 'decimal': '0x12'}",{'blockTimestamp': '2022-08-28T09:00:05.000Z'}
238,0xeb6546,0x551968425f4111ac2c657a392542423ca16fa00837a82d79ac7100c8caeffc87:log:41,0x551968425f4111ac2c657a392542423ca16fa00837a82d79ac7100c8caeffc87,0xf4efa119b67af251449ced01f1ea3f1c59a59c44,0x74de5d4fcbf63e00296fd95d33236b9794016631,357.9865397223723,,,,SHI,erc20,"{'value': '0x13680fad2efb43de1d', 'address': '0xad996a45fd2373ed0b10efa4a8ecb9de445a4302', 'decimal': '0x12'}",{'blockTimestamp': '2022-08-28T09:00:05.000Z'}
239,0xeb5b81,0xc6fcd3e73fd1666215264c8c9e7f00d906494fad416961ad8fe21076807657f3:log:195,0xc6fcd3e73fd1666215264c8c9e7f00d906494fad416961ad8fe21076807657f3,0xd931bbf92198f9bfed4975972d7c6abf0f9092f0,0xae9daa2d8a9348765887207a1adc92e3bbc73d87,78670.58799999999,,,,SHI,erc20,"{'value': '0x10a8bdba1b5c64660000', 'address': '0xad996a45fd2373ed0b10efa4a8ecb9de445a4302', 'decimal': '0x12'}",{'blockTimestamp': '2022-08-27T23:13:30.000Z'}
240,0xeb48df,0x902501c19c432ce0a912bd8001c444d26e456666e2018461bd39730059db06ae:log:330,0x902501c19c432ce0a912bd8001c444d26e456666e2018461bd39730059db06ae,0x74de5d4fcbf63e00296fd95d33236b9794016631,0x5e7a56e61f04aa15143664921942e972958cb9bc,879.69881518193,,,,SHI,erc20,"{'value': '0x2fb04603905af220c5', 'address': '0xad996a45fd2373ed0b10efa4a8ecb9de445a4302', 'decimal': '0x12'}",{'blockTimestamp': '2022-08-27T04:51:29.000Z'}
241,0xeb48df,0x902501c19c432ce0a912bd8001c444d26e456666e2018461bd39730059db06ae:log:327,0x902501c19c432ce0a912bd8001c444d26e456666e2018461bd39730059db06ae,0xf4efa119b67af251449ced01f1ea3f1c59a59c44,0x74de5d4fcbf63e00296fd95d33236b9794016631,879.69881518193,,,,SHI,erc20,"{'value': '0x2fb04603905af220c5', 'address': '0xad996a45fd2373ed0b10efa4a8ecb9de445a4302', 'decimal': '0x12'}",{'blockTimestamp': '2022-08-27T04:51:29.000Z'}
242,0xeb3e69,0x98351449992c644c7ac890eb2c125e9dbe0b0d246b2a4f6d020e654d057099d7:log:252,0x98351449992c644c7ac890eb2c125e9dbe0b0d246b2a4f6d020e654d057099d7,0x5427fefa711eff984124bfbb1ab6fbf5e3da1820,0x623c72cb71dd583de01ada0ae48f01423bb904fd,47338.81674434064,,,,SHI,erc20,"{'value': '0x0a063e0dc92d69be4c1d', 'address': '0xad996a45fd2373ed0b10efa4a8ecb9de445a4302', 'decimal': '0x12'}",{'blockTimestamp': '2022-08-26T18:33:23.000Z'}
243,0xeb34b1,0xd39718fa28e10043735a11da120b53c7bf42143dea477d8e0f57d52372091a8c:log:66,0xd39718fa28e10043735a11da120b53c7bf42143dea477d8e0f57d52372091a8c,0xe41b3736a2b8384304f83815f7a9875ffd1e325b,0xae9daa2d8a9348765887207a1adc92e3bbc73d87,60900.0,,,,SHI,erc20,"{'value': '0x0ce5654709f8a9100000', 'address': '0xad996a45fd2373ed0b10efa4a8ecb9de445a4302', 'decimal': '0x12'}",{'blockTimestamp': '2022-08-26T08:59:36.000Z'}
244,0xeb3365,0x76a03981aecb0970a81dbfc1e290109d9a1bdd752ab6955104f466a589f0f0c1:log:259,0x76a03981aecb0970a81dbfc1e290109d9a1bdd752ab6955104f466a589f0f0c1,0x5427fefa711eff984124bfbb1ab6fbf5e3da1820,0x623c72cb71dd583de01ada0ae48f01423bb904fd,50812.94448180716,,,,SHI,erc20,"{'value': '0x0ac29342ebaf80e57524', 'address': '0xad996a45fd2373ed0b10efa4a8ecb9de445a4302', 'decimal': '0x12'}",{'blockTimestamp': '2022-08-26T07:38:26.000Z'}
245,0xeb18eb,0xc3badddaf52b92e0416bb5285a47f7576b24553fa4ce0d3555f4b31fa0408a27:log:403,0xc3badddaf52b92e0416bb5285a47f7576b24553fa4ce0d3555f4b31fa0408a27,0x74de5d4fcbf63e00296fd95d33236b9794016631,0x5e7a56e61f04aa15143664921942e972958cb9bc,220.5287177060275,,,,SHI,erc20,"{'value': '0x0bf4736457a82a9314', 'address': '0xad996a45fd2373ed0b10efa4a8ecb9de445a4302', 'decimal': '0x12'}",{'blockTimestamp': '2022-08-25T05:34:38.000Z'}
246,0xeb18eb,0xc3badddaf52b92e0416bb5285a47f7576b24553fa4ce0d3555f4b31fa0408a27:log:400,0xc3badddaf52b92e0416bb5285a47f7576b24553fa4ce0d3555f4b31fa0408a27,0xf4efa119b67af251449ced01f1ea3f1c59a59c44,0x74de5d4fcbf63e00296fd95d33236b9794016631,220.5287177060275,,,,SHI,erc20,"{'value': '0x0bf4736457a82a9314', 'address': '0xad996a45fd2373ed0b10efa4a8ecb9de445a4302', 'decimal': '0x12'}",{'blockTimestamp': '2022-08-25T05:34:38.000Z'}
247,0xeb18cf,0x3468f7eb004de465301ea6a23c61160378aa21ea997545e11d1b6b7440c2bf6e:log:39,0x3468f7eb004de465301ea6a23c61160378aa21ea997545e11d1b6b7440c2bf6e,0x74de5d4fcbf63e00296fd95d33236b9794016631,0x5e7a56e61f04aa15143664921942e972958cb9bc,457.30987727597187,,,,SHI,erc20,"{'value': '0x18ca730e736fc8874b', 'address': '0xad996a45fd2373ed0b10efa4a8ecb9de445a4302', 'decimal': '0x12'}",{'blockTimestamp': '2022-08-25T05:27:52.000Z'}
248,0xeb18cf,0x3468f7eb004de465301ea6a23c61160378aa21ea997545e11d1b6b7440c2bf6e:log:36,0x3468f7eb004de465301ea6a23c61160378aa21ea997545e11d1b6b7440c2bf6e,0xf4efa119b67af251449ced01f1ea3f1c59a59c44,0x74de5d4fcbf63e00296fd95d33236b9794016631,457.30987727597187,,,,SHI,erc20,"{'value': '0x18ca730e736fc8874b', 'address': '0xad996a45fd2373ed0b10efa4a8ecb9de445a4302', 'decimal': '0x12'}",{'blockTimestamp': '2022-08-25T05:27:52.000Z'}
249,0xeb0e67,0x8759d4b55e851cc4f241e13c50dbbc23df7c5f003b72b029210e4fc46f90d867:log:18,0x8759d4b55e851cc4f241e13c50dbbc23df7c5f003b72b029210e4fc46f90d867,0xe66b31678d6c16e9ebf358268a790b763c133750,0xc956e70bcc830c8312090ba6882fca9a88440c08,1252.40938999269,,,,SHI,erc20,"{'value': '0x43e4abf8a625f4103e', 'address': '0xad996a45fd2373ed0b10efa4a8ecb9de445a4302', 'decimal': '0x12'}",{'blockTimestamp': '2022-08-24T19:07:57.000Z'}
250,0xeb06b4,0x0347765993df8da895c94ac5728ffe05d9dd5997f19f55107d95be44a33a837a:log:357,0x0347765993df8da895c94ac5728ffe05d9dd5997f19f55107d95be44a33a837a,0x5427fefa711eff984124bfbb1ab6fbf5e3da1820,0xe41b3736a2b8384304f83815f7a9875ffd1e325b,60991.55450768347,,,,SHI,erc20,"{'value': '0x0cea5bd9fda204281d50', 'address': '0xad996a45fd2373ed0b10efa4a8ecb9de445a4302', 'decimal': '0x12'}",{'blockTimestamp': '2022-08-24T11:31:47.000Z'}
251,0xeb03b1,0xe8fb10202279c4c83c63ebb011d7dbda9429fabe8a6c8b79cdf7dab02dad48df:log:54,0xe8fb10202279c4c83c63ebb011d7dbda9429fabe8a6c8b79cdf7dab02dad48df,0x74de5d4fcbf63e00296fd95d33236b9794016631,0x5e7a56e61f04aa15143664921942e972958cb9bc,237.1853800179469,,,,SHI,erc20,"{'value': '0x0cdb9bbe76ddc23edc', 'address': '0xad996a45fd2373ed0b10efa4a8ecb9de445a4302', 'decimal': '0x12'}",{'blockTimestamp': '2022-08-24T08:36:42.000Z'}
252,0xeb03b1,0xe8fb10202279c4c83c63ebb011d7dbda9429fabe8a6c8b79cdf7dab02dad48df:log:51,0xe8fb10202279c4c83c63ebb011d7dbda9429fabe8a6c8b79cdf7dab02dad48df,0xf4efa119b67af251449ced01f1ea3f1c59a59c44,0x74de5d4fcbf63e00296fd95d33236b9794016631,237.1853800179469,,,,SHI,erc20,"{'value': '0x0cdb9bbe76ddc23edc', 'address': '0xad996a45fd2373ed0b10efa4a8ecb9de445a4302', 'decimal': '0x12'}",{'blockTimestamp': '2022-08-24T08:36:42.000Z'}
253,0xeae5f3,0xa95206aead823820eb406a5b38a442d2c254927bce6b2df518cf82219a89c456:log:385,0xa95206aead823820eb406a5b38a442d2c254927bce6b2df518cf82219a89c456,0x74de5d4fcbf63e00296fd95d33236b9794016631,0x5e7a56e61f04aa15143664921942e972958cb9bc,774.266785128888,,,,SHI,erc20,"{'value': '0x29f91c32d55f113c13', 'address': '0xad996a45fd2373ed0b10efa4a8ecb9de445a4302', 'decimal': '0x12'}",{'blockTimestamp': '2022-08-23T03:41:57.000Z'}
254,0xeae5f3,0xa95206aead823820eb406a5b38a442d2c254927bce6b2df518cf82219a89c456:log:382,0xa95206aead823820eb406a5b38a442d2c254927bce6b2df518cf82219a89c456,0xf4efa119b67af251449ced01f1ea3f1c59a59c44,0x74de5d4fcbf63e00296fd95d33236b9794016631,774.266785128888,,,,SHI,erc20,"{'value': '0x29f91c32d55f113c13', 'address': '0xad996a45fd2373ed0b10efa4a8ecb9de445a4302', 'decimal': '0x12'}",{'blockTimestamp': '2022-08-23T03:41:57.000Z'}
255,0xeac321,0x654a8a906b4a2c2d7d73214111123bc8256939ebaee34ae426a4b4e04686b605:log:54,0x654a8a906b4a2c2d7d73214111123bc8256939ebaee34ae426a4b4e04686b605,0xe66b31678d6c16e9ebf358268a790b763c133750,0xf4efa119b67af251449ced01f1ea3f1c59a59c44,4014.678738249065,,,,SHI,erc20,"{'value': '0xd9a2dc11c208f48988', 'address': '0xad996a45fd2373ed0b10efa4a8ecb9de445a4302', 'decimal': '0x12'}",{'blockTimestamp': '2022-08-21T17:58:37.000Z'}
256,0xeac321,0x654a8a906b4a2c2d7d73214111123bc8256939ebaee34ae426a4b4e04686b605:log:50,0x654a8a906b4a2c2d7d73214111123bc8256939ebaee34ae426a4b4e04686b605,0x7c87c4f1c1bff8d3625c0c1d3d492f478319c435,0xe66b31678d6c16e9ebf358268a790b763c133750,5267.088128241756,,,,SHI,erc20,"{'value': '0x011d87880a682ee899c6', 'address': '0xad996a45fd2373ed0b10efa4a8ecb9de445a4302', 'decimal': '0x12'}",{'blockTimestamp': '2022-08-21T17:58:37.000Z'}
257,0xeac321,0x654a8a906b4a2c2d7d73214111123bc8256939ebaee34ae426a4b4e04686b605:log:49,0x654a8a906b4a2c2d7d73214111123bc8256939ebaee34ae426a4b4e04686b605,0x7c87c4f1c1bff8d3625c0c1d3d492f478319c435,0x382ffce2287252f930e1c8dc9328dac5bf282ba1,53.20291038628035,,,,SHI,erc20,"{'value': '0x02e256b51d7f2e4f21', 'address': '0xad996a45fd2373ed0b10efa4a8ecb9de445a4302', 'decimal': '0x12'}",{'blockTimestamp': '2022-08-21T17:58:37.000Z'}
258,0xeabb47,0x77c056fcb4ff4bd2705b4710b20d4d2c936116b4a542a6cb3832f767bdf451a8:log:310,0x77c056fcb4ff4bd2705b4710b20d4d2c936116b4a542a6cb3832f767bdf451a8,0xae9daa2d8a9348765887207a1adc92e3bbc73d87,0xd931bbf92198f9bfed4975972d7c6abf0f9092f0,78670.58865841097,,,,SHI,erc20,"{'value': '0x10a8bdbc722ea3b85b2d', 'address': '0xad996a45fd2373ed0b10efa4a8ecb9de445a4302', 'decimal': '0x12'}",{'blockTimestamp': '2022-08-21T10:07:16.000Z'}
259,0xeab948,0x25915d46804988ec848204cf462835fa27223ca9602c63ba9e2eaac77289a2db:log:98,0x25915d46804988ec848204cf462835fa27223ca9602c63ba9e2eaac77289a2db,0x74de5d4fcbf63e00296fd95d33236b9794016631,0x5e7a56e61f04aa15143664921942e972958cb9bc,357.9135472311288,,,,SHI,erc20,"{'value': '0x13670c5ae6436d1982', 'address': '0xad996a45fd2373ed0b10efa4a8ecb9de445a4302', 'decimal': '0x12'}",{'blockTimestamp': '2022-08-21T08:18:09.000Z'}
260,0xeab948,0x25915d46804988ec848204cf462835fa27223ca9602c63ba9e2eaac77289a2db:log:95,0x25915d46804988ec848204cf462835fa27223ca9602c63ba9e2eaac77289a2db,0xf4efa119b67af251449ced01f1ea3f1c59a59c44,0x74de5d4fcbf63e00296fd95d33236b9794016631,357.9135472311288,,,,SHI,erc20,"{'value': '0x13670c5ae6436d1982', 'address': '0xad996a45fd2373ed0b10efa4a8ecb9de445a4302', 'decimal': '0x12'}",{'blockTimestamp': '2022-08-21T08:18:09.000Z'}
261,0xea8b2f,0xa6a3ba9aaba5bf56bf28bba2ed39bd9ae553569b987b74d90ed05b52565f2932:log:187,0xa6a3ba9aaba5bf56bf28bba2ed39bd9ae553569b987b74d90ed05b52565f2932,0x5d91f1446717dc02814c660943656985704f20eb,0x32fafa69be1895fc97e0b6ed90760b181b1dd8a0,628285.9237087907,,,,SHI,erc20,"{'value': '0x850b72bb5ba7bf832611', 'address': '0xad996a45fd2373ed0b10efa4a8ecb9de445a4302', 'decimal': '0x12'}",{'blockTimestamp': '2022-08-19T11:38:02.000Z'}
262,0xea6b3c,0x6753779505c0187dee250d82e2290632b4f857741ff2eabba51ed6be80b52dc2:log:22,0x6753779505c0187dee250d82e2290632b4f857741ff2eabba51ed6be80b52dc2,0x74de5d4fcbf63e00296fd95d33236b9794016631,0x5e7a56e61f04aa15143664921942e972958cb9bc,148.2326875056551,,,,SHI,erc20,"{'value': '0x0809244bea7c0e91f2', 'address': '0xad996a45fd2373ed0b10efa4a8ecb9de445a4302', 'decimal': '0x12'}",{'blockTimestamp': '2022-08-18T04:15:54.000Z'}
263,0xea6b3c,0x6753779505c0187dee250d82e2290632b4f857741ff2eabba51ed6be80b52dc2:log:19,0x6753779505c0187dee250d82e2290632b4f857741ff2eabba51ed6be80b52dc2,0xf4efa119b67af251449ced01f1ea3f1c59a59c44,0x74de5d4fcbf63e00296fd95d33236b9794016631,148.2326875056551,,,,SHI,erc20,"{'value': '0x0809244bea7c0e91f2', 'address': '0xad996a45fd2373ed0b10efa4a8ecb9de445a4302', 'decimal': '0x12'}",{'blockTimestamp': '2022-08-18T04:15:54.000Z'}
264,0xea6580,0x6a4a0cacce3f30fe175420a6fd31aabb555a54494e2d772aa63d7902b531d42a:log:267,0x6a4a0cacce3f30fe175420a6fd31aabb555a54494e2d772aa63d7902b531d42a,0x74de5d4fcbf63e00296fd95d33236b9794016631,0x5e7a56e61f04aa15143664921942e972958cb9bc,1275.2109900338048,,,,SHI,erc20,"{'value': '0x45211b87140f204933', 'address': '0xad996a45fd2373ed0b10efa4a8ecb9de445a4302', 'decimal': '0x12'}",{'blockTimestamp': '2022-08-17T22:47:19.000Z'}
265,0xea6580,0x6a4a0cacce3f30fe175420a6fd31aabb555a54494e2d772aa63d7902b531d42a:log:264,0x6a4a0cacce3f30fe175420a6fd31aabb555a54494e2d772aa63d7902b531d42a,0xf4efa119b67af251449ced01f1ea3f1c59a59c44,0x74de5d4fcbf63e00296fd95d33236b9794016631,1275.2109900338048,,,,SHI,erc20,"{'value': '0x45211b87140f204933', 'address': '0xad996a45fd2373ed0b10efa4a8ecb9de445a4302', 'decimal': '0x12'}",{'blockTimestamp': '2022-08-17T22:47:19.000Z'}
266,0xea5420,0xa39b56b98dbdd47fda06cc19f018fff09ab0bacf00b287da3a3dacd7c2f83c11:log:245,0xa39b56b98dbdd47fda06cc19f018fff09ab0bacf00b287da3a3dacd7c2f83c11,0xf4efa119b67af251449ced01f1ea3f1c59a59c44,0xeaf385e0242a8332ea06b1a4b88e967a5000a0ea,0.3102619890178294,,,,SHI,erc20,"{'value': '0x044e45a29ab6c026', 'address': '0xad996a45fd2373ed0b10efa4a8ecb9de445a4302', 'decimal': '0x12'}",{'blockTimestamp': '2022-08-17T05:50:12.000Z'}
267,0xea4f93,0x551804512bfd7397061cd7da6386ebd25f1cb64ab55c0dbed76ebe555b995ae4:log:416,0x551804512bfd7397061cd7da6386ebd25f1cb64ab55c0dbed76ebe555b995ae4,0x860816d4b2533c36960f45f95364864c8ac99333,0xae9daa2d8a9348765887207a1adc92e3bbc73d87,5500.0,,,,SHI,erc20,"{'value': '0x012a27d53bc048700000', 'address': '0xad996a45fd2373ed0b10efa4a8ecb9de445a4302', 'decimal': '0x12'}",{'blockTimestamp': '2022-08-17T01:20:54.000Z'}
268,0xea4ea8,0xcd426581884ff886ec54445f4d976c489827cc40c4c2800ef3a6d81a4501ea72:log:7,0xcd426581884ff886ec54445f4d976c489827cc40c4c2800ef3a6d81a4501ea72,0x8594d8e9483473626908648a5539d9d65ca2fe8d,0xf4efa119b67af251449ced01f1ea3f1c59a59c44,6002.182838344582,,,,SHI,erc20,"{'value': '0x01456105128bfa9cb508', 'address': '0xad996a45fd2373ed0b10efa4a8ecb9de445a4302', 'decimal': '0x12'}",{'blockTimestamp': '2022-08-17T00:25:46.000Z'}
269,0xea4ea7,0xb0e4f3d565a655bf171747f345e21dc29a50c909555890d304a4f7f763db1176:log:125,0xb0e4f3d565a655bf171747f345e21dc29a50c909555890d304a4f7f763db1176,0x0000000000000000000000000000000000000000,0x8594d8e9483473626908648a5539d9d65ca2fe8d,6002.182838344582,,,,SHI,erc20,"{'value': '0x01456105128bfa9ca870', 'address': '0xad996a45fd2373ed0b10efa4a8ecb9de445a4302', 'decimal': '0x12'}",{'blockTimestamp': '2022-08-17T00:25:38.000Z'}
270,0xea4e35,0xdf00be2d7443ec183636727e084aa7c9798218dd2c89c9e77129422c8a8be803:log:65,0xdf00be2d7443ec183636727e084aa7c9798218dd2c89c9e77129422c8a8be803,0xf4efa119b67af251449ced01f1ea3f1c59a59c44,0x860816d4b2533c36960f45f95364864c8ac99333,5000.0,,,,SHI,erc20,"{'value': '0x010f0cf064dd59200000', 'address': '0xad996a45fd2373ed0b10efa4a8ecb9de445a4302', 'decimal': '0x12'}",{'blockTimestamp': '2022-08-17T00:02:47.000Z'}
271,0xea47fd,0x9aa7c2b09956fc937e65e14c1623298cc767abfb5e457a75b90fe28769281010:log:384,0x9aa7c2b09956fc937e65e14c1623298cc767abfb5e457a75b90fe28769281010,0x0000000000000000000000000000000000000000,0x9838ff67fbaeb8df9ced145522d269fb5b5262c3,12356.76942,,,,SHI,erc20,"{'value': '0x029ddc9fbe850da4c000', 'address': '0xad996a45fd2373ed0b10efa4a8ecb9de445a4302', 'decimal': '0x12'}",{'blockTimestamp': '2022-08-16T18:09:46.000Z'}
272,0xea44d4,0x8174ca6987cb85e0dd95e72ed01720b58b0e67639fbb6c99c76f87e8af1c442d:log:2285,0x8174ca6987cb85e0dd95e72ed01720b58b0e67639fbb6c99c76f87e8af1c442d,0x74de5d4fcbf63e00296fd95d33236b9794016631,0x5e7a56e61f04aa15143664921942e972958cb9bc,111.09080663989135,,,,SHI,erc20,"{'value': '0x0605b1d40dfe547b4a', 'address': '0xad996a45fd2373ed0b10efa4a8ecb9de445a4302', 'decimal': '0x12'}",{'blockTimestamp': '2022-08-16T15:01:29.000Z'}
273,0xea44d4,0x8174ca6987cb85e0dd95e72ed01720b58b0e67639fbb6c99c76f87e8af1c442d:log:2282,0x8174ca6987cb85e0dd95e72ed01720b58b0e67639fbb6c99c76f87e8af1c442d,0xf4efa119b67af251449ced01f1ea3f1c59a59c44,0x74de5d4fcbf63e00296fd95d33236b9794016631,111.09080663989135,,,,SHI,erc20,"{'value': '0x0605b1d40dfe547b4a', 'address': '0xad996a45fd2373ed0b10efa4a8ecb9de445a4302', 'decimal': '0x12'}",{'blockTimestamp': '2022-08-16T15:01:29.000Z'}
274,0xea21ec,0x2a5fa347b1544038c6b01fb415c3d222168ba96b0f84d4a57940630a191166d4:log:19,0x2a5fa347b1544038c6b01fb415c3d222168ba96b0f84d4a57940630a191166d4,0x8594d8e9483473626908648a5539d9d65ca2fe8d,0xf4efa119b67af251449ced01f1ea3f1c59a59c44,3735.4108870172495,,,,SHI,erc20,"{'value': '0xca7f3d5aafe5fb8dbf', 'address': '0xad996a45fd2373ed0b10efa4a8ecb9de445a4302', 'decimal': '0x12'}",{'blockTimestamp': '2022-08-15T05:09:22.000Z'}
275,0xea21d1,0x764108c7ce6018b921863982b01441412b4af807d18e89c9eea4de8b1f03df5b:log:152,0x764108c7ce6018b921863982b01441412b4af807d18e89c9eea4de8b1f03df5b,0x0000000000000000000000000000000000000000,0x8594d8e9483473626908648a5539d9d65ca2fe8d,3735.4108870172495,,,,SHI,erc20,"{'value': '0xca7f3d5aafe5fb9a57', 'address': '0xad996a45fd2373ed0b10efa4a8ecb9de445a4302', 'decimal': '0x12'}",{'blockTimestamp': '2022-08-15T05:02:33.000Z'}
276,0xea1cfe,0x6c875e040b33c749b412d755544a97c823094296a873b5b7a3c658342a759ec2:log:475,0x6c875e040b33c749b412d755544a97c823094296a873b5b7a3c658342a759ec2,0xe66b31678d6c16e9ebf358268a790b763c133750,0x7c87c4f1c1bff8d3625c0c1d3d492f478319c435,3099.623363999952,,,,SHI,erc20,"{'value': '0xa807ea530cae70de2a', 'address': '0xad996a45fd2373ed0b10efa4a8ecb9de445a4302', 'decimal': '0x12'}",{'blockTimestamp': '2022-08-15T00:17:19.000Z'}
277,0xea1cfe,0x6c875e040b33c749b412d755544a97c823094296a873b5b7a3c658342a759ec2:log:472,0x6c875e040b33c749b412d755544a97c823094296a873b5b7a3c658342a759ec2,0xf4efa119b67af251449ced01f1ea3f1c59a59c44,0xe66b31678d6c16e9ebf358268a790b763c133750,3099.623363999952,,,,SHI,erc20,"{'value': '0xa807ea530cae70de2a', 'address': '0xad996a45fd2373ed0b10efa4a8ecb9de445a4302', 'decimal': '0x12'}",{'blockTimestamp': '2022-08-15T00:17:19.000Z'}
278,0xea171a,0x9eb689eecbbffd6cf668ee45464b85c22056189de38b0ee05f9fcf6d58bbace8:log:238,0x9eb689eecbbffd6cf668ee45464b85c22056189de38b0ee05f9fcf6d58bbace8,0xe66b31678d6c16e9ebf358268a790b763c133750,0xf4efa119b67af251449ced01f1ea3f1c59a59c44,1179.204549109105,,,,SHI,erc20,"{'value': '0x3fecc021b8a4e087e0', 'address': '0xad996a45fd2373ed0b10efa4a8ecb9de445a4302', 'decimal': '0x12'}",{'blockTimestamp': '2022-08-14T18:27:16.000Z'}
279,0xea171a,0x9eb689eecbbffd6cf668ee45464b85c22056189de38b0ee05f9fcf6d58bbace8:log:234,0x9eb689eecbbffd6cf668ee45464b85c22056189de38b0ee05f9fcf6d58bbace8,0x7c87c4f1c1bff8d3625c0c1d3d492f478319c435,0xe66b31678d6c16e9ebf358268a790b763c133750,1179.204549109105,,,,SHI,erc20,"{'value': '0x3fecc021b8a4e087e0', 'address': '0xad996a45fd2373ed0b10efa4a8ecb9de445a4302', 'decimal': '0x12'}",{'blockTimestamp': '2022-08-14T18:27:16.000Z'}
280,0xea171a,0x9eb689eecbbffd6cf668ee45464b85c22056189de38b0ee05f9fcf6d58bbace8:log:233,0x9eb689eecbbffd6cf668ee45464b85c22056189de38b0ee05f9fcf6d58bbace8,0x7c87c4f1c1bff8d3625c0c1d3d492f478319c435,0x382ffce2287252f930e1c8dc9328dac5bf282ba1,11.911157061708133,,,,SHI,erc20,"{'value': '0xa54cee3d56ffaea0', 'address': '0xad996a45fd2373ed0b10efa4a8ecb9de445a4302', 'decimal': '0x12'}",{'blockTimestamp': '2022-08-14T18:27:16.000Z'}
281,0xea130b,0xecfdaa6224000a1f35529e269e4b0985a7100957c0fd077e69cf4b87716eb7c7:log:261,0xecfdaa6224000a1f35529e269e4b0985a7100957c0fd077e69cf4b87716eb7c7,0x6309cf7e70287cee735a02286912b7cd5874e0a0,0xae9daa2d8a9348765887207a1adc92e3bbc73d87,13273.28,,,,SHI,erc20,"{'value': '0x02cf8bc36b2608e00000', 'address': '0xad996a45fd2373ed0b10efa4a8ecb9de445a4302', 'decimal': '0x12'}",{'blockTimestamp': '2022-08-14T14:30:35.000Z'}
282,0xe9f9a5,0x5cedbd6d7590b9d19eeabe5fa04a5748e2195485208cb7fde970db8f73454cbe:log:701,0x5cedbd6d7590b9d19eeabe5fa04a5748e2195485208cb7fde970db8f73454cbe,0x5427fefa711eff984124bfbb1ab6fbf5e3da1820,0x8b2ba74999a4822aa6721f00a5d616e3779d0b1d,18842.944723839228,,,,SHI,erc20,"{'value': '0x03fd7a637821c6286bf2', 'address': '0xad996a45fd2373ed0b10efa4a8ecb9de445a4302', 'decimal': '0x12'}",{'blockTimestamp': '2022-08-13T13:52:27.000Z'}
283,0xe9d81e,0x8eb6827a0e595eb9759bf2548cb4207bc9c184f9d5623c2495da0f023994a333:log:402,0x8eb6827a0e595eb9759bf2548cb4207bc9c184f9d5623c2495da0f023994a333,0x74de5d4fcbf63e00296fd95d33236b9794016631,0x5e7a56e61f04aa15143664921942e972958cb9bc,326.1932552196367,,,,SHI,erc20,"{'value': '0x11aed73d6056c75ee5', 'address': '0xad996a45fd2373ed0b10efa4a8ecb9de445a4302', 'decimal': '0x12'}",{'blockTimestamp': '2022-08-12T05:38:17.000Z'}
284,0xe9d81e,0x8eb6827a0e595eb9759bf2548cb4207bc9c184f9d5623c2495da0f023994a333:log:399,0x8eb6827a0e595eb9759bf2548cb4207bc9c184f9d5623c2495da0f023994a333,0xf4efa119b67af251449ced01f1ea3f1c59a59c44,0x74de5d4fcbf63e00296fd95d33236b9794016631,326.1932552196367,,,,SHI,erc20,"{'value': '0x11aed73d6056c75ee5', 'address': '0xad996a45fd2373ed0b10efa4a8ecb9de445a4302', 'decimal': '0x12'}",{'blockTimestamp': '2022-08-12T05:38:17.000Z'}
285,0xe9d141,0x2c6deeab29df0be1906d444a32c6166c02f581a6223addd17289404bcc511673:log:254,0x2c6deeab29df0be1906d444a32c6166c02f581a6223addd17289404bcc511673,0xcebda550ff74f50e2b4941b2824c99aff9bda3a6,0xf4efa119b67af251449ced01f1ea3f1c59a59c44,1171.2671294160266,,,,SHI,erc20,"{'value': '0x3f7e98c0908dc00fa8', 'address': '0xad996a45fd2373ed0b10efa4a8ecb9de445a4302', 'decimal': '0x12'}",{'blockTimestamp': '2022-08-11T22:59:27.000Z'}
286,0xe9ce6f,0x1b10375d23ed79c2e451b691d7831766dd70d8a860dd32117e3288647cea8082:log:551,0x1b10375d23ed79c2e451b691d7831766dd70d8a860dd32117e3288647cea8082,0x0000000000000000000000000000000000000000,0xcebda550ff74f50e2b4941b2824c99aff9bda3a6,1171.2671294160266,,,,SHI,erc20,"{'value': '0x3f7e98c0908dc00fa8', 'address': '0xad996a45fd2373ed0b10efa4a8ecb9de445a4302', 'decimal': '0x12'}",{'blockTimestamp': '2022-08-11T20:14:31.000Z'}
287,0xe9a097,0xe12b962502fd0e93c617f91662203c2e0c0844079e545875ea6f2213b3b8477b:log:226,0xe12b962502fd0e93c617f91662203c2e0c0844079e545875ea6f2213b3b8477b,0xe66b31678d6c16e9ebf358268a790b763c133750,0x7c87c4f1c1bff8d3625c0c1d3d492f478319c435,3411.783380798897,,,,SHI,erc20,"{'value': '0xb8f4017c6efb86413d', 'address': '0xad996a45fd2373ed0b10efa4a8ecb9de445a4302', 'decimal': '0x12'}",{'blockTimestamp': '2022-08-09T23:49:27.000Z'}
288,0xe9a097,0xe12b962502fd0e93c617f91662203c2e0c0844079e545875ea6f2213b3b8477b:log:223,0xe12b962502fd0e93c617f91662203c2e0c0844079e545875ea6f2213b3b8477b,0xf4efa119b67af251449ced01f1ea3f1c59a59c44,0xe66b31678d6c16e9ebf358268a790b763c133750,3411.783380798897,,,,SHI,erc20,"{'value': '0xb8f4017c6efb86413d', 'address': '0xad996a45fd2373ed0b10efa4a8ecb9de445a4302', 'decimal': '0x12'}",{'blockTimestamp': '2022-08-09T23:49:27.000Z'}
289,0xe9855f,0xc223edb221af63698b025467d317cbc4e7b03c17554b44a7656c6fcbefb3b551:log:173,0xc223edb221af63698b025467d317cbc4e7b03c17554b44a7656c6fcbefb3b551,0xb0f0c2af5a6046bd2ed32f2028e547ce743a8090,0xae9daa2d8a9348765887207a1adc92e3bbc73d87,25338.72,,,,SHI,erc20,"{'value': '0x055d9d6125b52df00000', 'address': '0xad996a45fd2373ed0b10efa4a8ecb9de445a4302', 'decimal': '0x12'}",{'blockTimestamp': '2022-08-08T21:33:01.000Z'}
290,0xe98544,0x56230379a16075cb493565e8a72c034c6aa6d495af52260f34299773a115e977:log:241,0x56230379a16075cb493565e8a72c034c6aa6d495af52260f34299773a115e977,0xae9daa2d8a9348765887207a1adc92e3bbc73d87,0xb0f0c2af5a6046bd2ed32f2028e547ce743a8090,25338.722739726025,,,,SHI,erc20,"{'value': '0x055d9d6ae1795a95188c', 'address': '0xad996a45fd2373ed0b10efa4a8ecb9de445a4302', 'decimal': '0x12'}",{'blockTimestamp': '2022-08-08T21:27:26.000Z'}
291,0xe97abf,0x74122161b404299107b466484220e58826e847a3be654f028248c0d5d2ac4687:log:625,0x74122161b404299107b466484220e58826e847a3be654f028248c0d5d2ac4687,0x0000000000000000000000000000000000000000,0xbcda196f5ad0bf9ad3f3fc3458739391e5bf5b0d,15132.45893,,,,SHI,erc20,"{'value': '0x0334550dd5a1a5b52000', 'address': '0xad996a45fd2373ed0b10efa4a8ecb9de445a4302', 'decimal': '0x12'}",{'blockTimestamp': '2022-08-08T11:30:45.000Z'}
292,0xe977f8,0xbd5ddc3d0bc1475f8285bc417fd291180e89c23db2ae2ac96af85cb4b94ba00d:log:70,0xbd5ddc3d0bc1475f8285bc417fd291180e89c23db2ae2ac96af85cb4b94ba00d,0xf0ca2f2bd1cc9ad96ba0e3a27ce9e8fe7f11c98e,0xae9daa2d8a9348765887207a1adc92e3bbc73d87,824145.282,,,,SHI,erc20,"{'value': '0xae850158ae27e54d0000', 'address': '0xad996a45fd2373ed0b10efa4a8ecb9de445a4302', 'decimal': '0x12'}",{'blockTimestamp': '2022-08-08T08:56:35.000Z'}
293,0xe977d3,0xc52f84f6f30e5b3ed6f9de23f6cd7e84c204c2095dcfed206c9b8626caeb5aed:log:33,0xc52f84f6f30e5b3ed6f9de23f6cd7e84c204c2095dcfed206c9b8626caeb5aed,0xae9daa2d8a9348765887207a1adc92e3bbc73d87,0xf0ca2f2bd1cc9ad96ba0e3a27ce9e8fe7f11c98e,824145.1534246575,,,,SHI,erc20,"{'value': '0xae84ff8fe39026c15eaf', 'address': '0xad996a45fd2373ed0b10efa4a8ecb9de445a4302', 'decimal': '0x12'}",{'blockTimestamp': '2022-08-08T08:46:14.000Z'}
294,0xe96868,0x3320a16e57a2e74528cd905610d6e7b5af84799ec8f678c6137d609d51f8b905:log:235,0x3320a16e57a2e74528cd905610d6e7b5af84799ec8f678c6137d609d51f8b905,0xdda96f9b7bba815e721f32c8e486c873b273bc18,0xae9daa2d8a9348765887207a1adc92e3bbc73d87,86882.0,,,,SHI,erc20,"{'value': '0x1265e1f5d76f80480000', 'address': '0xad996a45fd2373ed0b10efa4a8ecb9de445a4302', 'decimal': '0x12'}",{'blockTimestamp': '2022-08-07T17:43:13.000Z'}
295,0xe9684c,0x4663ff97505050e724a79ca2cf5c20503fd7214c09832943df82f4d45ae14986:log:75,0x4663ff97505050e724a79ca2cf5c20503fd7214c09832943df82f4d45ae14986,0xae9daa2d8a9348765887207a1adc92e3bbc73d87,0xdda96f9b7bba815e721f32c8e486c873b273bc18,86881.56054794519,,,,SHI,erc20,"{'value': '0x1265dbdc981eba70381c', 'address': '0xad996a45fd2373ed0b10efa4a8ecb9de445a4302', 'decimal': '0x12'}",{'blockTimestamp': '2022-08-07T17:37:51.000Z'}
296,0xe93a43,0x0cb1e4a5ae8727992924fc5fbb743e06c13ac8aaabce77ebd3982450028e0060:log:19,0x0cb1e4a5ae8727992924fc5fbb743e06c13ac8aaabce77ebd3982450028e0060,0x365a8d900bc767d195cfe46f5f96136def343779,0x5427fefa711eff984124bfbb1ab6fbf5e3da1820,1000.0,,,,SHI,erc20,"{'value': '0x3635c9adc5dea00000', 'address': '0xad996a45fd2373ed0b10efa4a8ecb9de445a4302', 'decimal': '0x12'}",{'blockTimestamp': '2022-08-05T21:46:03.000Z'}
297,0xe93808,0x03414e9316ebd7b2b4b949e0d633557dcc453df42cb9560219379ed5f99f08df:log:171,0x03414e9316ebd7b2b4b949e0d633557dcc453df42cb9560219379ed5f99f08df,0xa909051ae1d68cd47fa0cbb8541af22246f5322a,0x365a8d900bc767d195cfe46f5f96136def343779,1000.0,,,,SHI,erc20,"{'value': '0x3635c9adc5dea00000', 'address': '0xad996a45fd2373ed0b10efa4a8ecb9de445a4302', 'decimal': '0x12'}",{'blockTimestamp': '2022-08-05T19:33:55.000Z'}
298,0xe9375e,0xee39d7d7f106cf01ab1bca7f0491b642cb6056faf6a0bbf427ab65a8a0b58a03:log:113,0xee39d7d7f106cf01ab1bca7f0491b642cb6056faf6a0bbf427ab65a8a0b58a03,0x365a8d900bc767d195cfe46f5f96136def343779,0xa909051ae1d68cd47fa0cbb8541af22246f5322a,1000.0,,,,SHI,erc20,"{'value': '0x3635c9adc5dea00000', 'address': '0xad996a45fd2373ed0b10efa4a8ecb9de445a4302', 'decimal': '0x12'}",{'blockTimestamp': '2022-08-05T18:54:02.000Z'}
299,0xe93715,0xa76c0852250148e559afb2e74fa6d183929b4c0615063ad0181573bb0d7c3b5e:log:381,0xa76c0852250148e559afb2e74fa6d183929b4c0615063ad0181573bb0d7c3b5e,0x365a8d900bc767d195cfe46f5f96136def343779,0x365a8d900bc767d195cfe46f5f96136def343779,1000.0,,,,SHI,erc20,"{'value': '0x3635c9adc5dea00000', 'address': '0xad996a45fd2373ed0b10efa4a8ecb9de445a4302', 'decimal': '0x12'}",{'blockTimestamp': '2022-08-05T18:39:26.000Z'}
300,0xe91c9d,0x7806d77d3f502d1a765ece59c09244b3fc67bbf115bd07df88d51a2a82b5872c:log:381,0x7806d77d3f502d1a765ece59c09244b3fc67bbf115bd07df88d51a2a82b5872c,0x0000000000000000000000000000000000000000,0xc664639c0c6802a034eec954e94309bddff5f849,113043.98,,,,SHI,erc20,"{'value': '0x17f0205e0d532a4e0000', 'address': '0xad996a45fd2373ed0b10efa4a8ecb9de445a4302', 'decimal': '0x12'}",{'blockTimestamp': '2022-08-04T17:28:01.000Z'}
301,0xe91033,0x84bb640131d7085e0b8e64a5360d32c8045e310f5419e71f853eaef9734d7a69:log:209,0x84bb640131d7085e0b8e64a5360d32c8045e310f5419e71f853eaef9734d7a69,0xc3700dff8b3d2a187d30471373e50c2752b80831,0x5427fefa711eff984124bfbb1ab6fbf5e3da1820,40308.344838922785,,,,SHI,erc20,"{'value': '0x08891ea8143c86b79d49', 'address': '0xad996a45fd2373ed0b10efa4a8ecb9de445a4302', 'decimal': '0x12'}",{'blockTimestamp': '2022-08-04T05:34:08.000Z'}
302,0xe90601,0x31fcd59a6c5e994e2d488a90a306bb21bba73435782f73033c533801d2edaa43:log:118,0x31fcd59a6c5e994e2d488a90a306bb21bba73435782f73033c533801d2edaa43,0x74de5d4fcbf63e00296fd95d33236b9794016631,0x980c4ab79e19cc3b56c18f81ed3d8ea10124ea74,11566.482290888605,,,,SHI,erc20,"{'value': '0x0273052fd9b6adb6e866', 'address': '0xad996a45fd2373ed0b10efa4a8ecb9de445a4302', 'decimal': '0x12'}",{'blockTimestamp': '2022-08-03T19:52:10.000Z'}
303,0xe90601,0x31fcd59a6c5e994e2d488a90a306bb21bba73435782f73033c533801d2edaa43:log:115,0x31fcd59a6c5e994e2d488a90a306bb21bba73435782f73033c533801d2edaa43,0x74de5d4fcbf63e00296fd95d33236b9794016631,0xf4efa119b67af251449ced01f1ea3f1c59a59c44,2475.9210497744702,,,,SHI,erc20,"{'value': '0x86384e94c727911884', 'address': '0xad996a45fd2373ed0b10efa4a8ecb9de445a4302', 'decimal': '0x12'}",{'blockTimestamp': '2022-08-03T19:52:10.000Z'}
304,0xe90601,0x31fcd59a6c5e994e2d488a90a306bb21bba73435782f73033c533801d2edaa43:log:113,0x31fcd59a6c5e994e2d488a90a306bb21bba73435782f73033c533801d2edaa43,0x980c4ab79e19cc3b56c18f81ed3d8ea10124ea74,0x74de5d4fcbf63e00296fd95d33236b9794016631,14042.403340663075,,,,SHI,erc20,"{'value': '0x02f93d7e6e7dd54800ea', 'address': '0xad996a45fd2373ed0b10efa4a8ecb9de445a4302', 'decimal': '0x12'}",{'blockTimestamp': '2022-08-03T19:52:10.000Z'}
305,0xe905d2,0xee33d3bfc9676e701f09e66057029555a4c52a5ea811e4668c2a83537b22c364:log:54,0xee33d3bfc9676e701f09e66057029555a4c52a5ea811e4668c2a83537b22c364,0x74de5d4fcbf63e00296fd95d33236b9794016631,0x980c4ab79e19cc3b56c18f81ed3d8ea10124ea74,2468.493286625147,,,,SHI,erc20,"{'value': '0x85d139dd8c306877ed', 'address': '0xad996a45fd2373ed0b10efa4a8ecb9de445a4302', 'decimal': '0x12'}",{'blockTimestamp': '2022-08-03T19:43:38.000Z'}
306,0xe905d2,0xee33d3bfc9676e701f09e66057029555a4c52a5ea811e4668c2a83537b22c364:log:51,0xee33d3bfc9676e701f09e66057029555a4c52a5ea811e4668c2a83537b22c364,0xf4efa119b67af251449ced01f1ea3f1c59a59c44,0x74de5d4fcbf63e00296fd95d33236b9794016631,2468.493286625147,,,,SHI,erc20,"{'value': '0x85d139dd8c306877ed', 'address': '0xad996a45fd2373ed0b10efa4a8ecb9de445a4302', 'decimal': '0x12'}",{'blockTimestamp': '2022-08-03T19:43:38.000Z'}
307,0xe8fd4b,0x58e66f42d9874f00696587392d970b6cf1c1054998a52a9c0374239657a35be0:log:49,0x58e66f42d9874f00696587392d970b6cf1c1054998a52a9c0374239657a35be0,0x156dd464e12b6e0e4141051b9a2e885a040898b3,0xae9daa2d8a9348765887207a1adc92e3bbc73d87,165657.97999999998,,,,SHI,erc20,"{'value': '0x2314564b8c67dca60000', 'address': '0xad996a45fd2373ed0b10efa4a8ecb9de445a4302', 'decimal': '0x12'}",{'blockTimestamp': '2022-08-03T11:27:19.000Z'}
308,0xe8ef32,0x3ba52b5f8ce5c6a0f8af9d7a2f09746a265c647bd57918ab127ec378be03844c:log:137,0x3ba52b5f8ce5c6a0f8af9d7a2f09746a265c647bd57918ab127ec378be03844c,0x0000000000000000000000000000000000000000,0x156dd464e12b6e0e4141051b9a2e885a040898b3,165657.97999999998,,,,SHI,erc20,"{'value': '0x2314564b8c67dca60000', 'address': '0xad996a45fd2373ed0b10efa4a8ecb9de445a4302', 'decimal': '0x12'}",{'blockTimestamp': '2022-08-02T21:46:23.000Z'}
309,0xe8ea9f,0x8deb7ea3f83270fed026b6a22f27e64c225f0beb4704737b7c3654c1abdad174:log:175,0x8deb7ea3f83270fed026b6a22f27e64c225f0beb4704737b7c3654c1abdad174,0x598929021f3111f947a071b6eccb25dedfada8ea,0x7d7620e60a72f1da735d769976be11a530e4d807,1779558.6600000001,,,,SHI,erc20,"{'value': '0x0178d611799c21bd9a0000', 'address': '0xad996a45fd2373ed0b10efa4a8ecb9de445a4302', 'decimal': '0x12'}",{'blockTimestamp': '2022-08-02T17:26:34.000Z'}
310,0xe88918,0xad40a8898c3b767ac40c48dc8e1cefcc26d22da48f796edf480a5a7d0cbc97ca:log:154,0xad40a8898c3b767ac40c48dc8e1cefcc26d22da48f796edf480a5a7d0cbc97ca,0x0d0707963952f2fba59dd06f2b425ace40b492fe,0x5235edff097433e182b9691e7902289163980503,1115.03868,,,,SHI,erc20,"{'value': '0x3c72452bbb5c758000', 'address': '0xad996a45fd2373ed0b10efa4a8ecb9de445a4302', 'decimal': '0x12'}",{'blockTimestamp': '2022-07-29T20:09:11.000Z'}
311,0xe880d1,0x88bf4da6e01c9cacd7896435846d92bcf8948a5065b1761737a4149db694067c:log:19,0x88bf4da6e01c9cacd7896435846d92bcf8948a5065b1761737a4149db694067c,0x15d97869b7882af762970e03da63274b5692e2f9,0xae9daa2d8a9348765887207a1adc92e3bbc73d87,17159.0,,,,SHI,erc20,"{'value': '0x03a230f603b8bfbc0000', 'address': '0xad996a45fd2373ed0b10efa4a8ecb9de445a4302', 'decimal': '0x12'}",{'blockTimestamp': '2022-07-29T12:25:59.000Z'}
312,0xe86a13,0x633d398ba59c2805ddb598872f1a4f7dfd8f1c6f38875b4c0ce58edb5241196e:log:516,0x633d398ba59c2805ddb598872f1a4f7dfd8f1c6f38875b4c0ce58edb5241196e,0x5427fefa711eff984124bfbb1ab6fbf5e3da1820,0x15d97869b7882af762970e03da63274b5692e2f9,17159.70465659381,,,,SHI,erc20,"{'value': '0x03a23abd75290a73cade', 'address': '0xad996a45fd2373ed0b10efa4a8ecb9de445a4302', 'decimal': '0x12'}",{'blockTimestamp': '2022-07-28T14:24:56.000Z'}
313,0xe85093,0x865ddaadc0bfa2e79959ce2ec60ffed9729b260f93a1ae4eafbaedf35f7160f8:log:237,0x865ddaadc0bfa2e79959ce2ec60ffed9729b260f93a1ae4eafbaedf35f7160f8,0x7a04a8cca12b4bef5a8624beed3daa7c52a821dc,0xae9daa2d8a9348765887207a1adc92e3bbc73d87,48629.0,,,,SHI,erc20,"{'value': '0x0a4c2ef17c8406b40000', 'address': '0xad996a45fd2373ed0b10efa4a8ecb9de445a4302', 'decimal': '0x12'}",{'blockTimestamp': '2022-07-27T14:06:50.000Z'}
314,0xe85021,0x3db12fc83f7dff9357ee8918b13b38578261bc029c9518a489a9a5e29cf2ecb9:log:573,0x3db12fc83f7dff9357ee8918b13b38578261bc029c9518a489a9a5e29cf2ecb9,0x0000000000000000000000000000000000000000,0x7a04a8cca12b4bef5a8624beed3daa7c52a821dc,48629.979999999996,,,,SHI,erc20,"{'value': '0x0a4c3c8b2552ce960000', 'address': '0xad996a45fd2373ed0b10efa4a8ecb9de445a4302', 'decimal': '0x12'}",{'blockTimestamp': '2022-07-27T13:42:31.000Z'}
315,0xe7cf5b,0x6697a9efd58088747849e263413b1011b3057581f2162bb9af010db53a9d321b:log:531,0x6697a9efd58088747849e263413b1011b3057581f2162bb9af010db53a9d321b,0x0000000000000000000000000000000000000000,0x598929021f3111f947a071b6eccb25dedfada8ea,1779558.6600000001,,,,SHI,erc20,"{'value': '0x0178d611799c21bd9a0000', 'address': '0xad996a45fd2373ed0b10efa4a8ecb9de445a4302', 'decimal': '0x12'}",{'blockTimestamp': '2022-07-22T10:45:23.000Z'}
316,0xe766d5,0x4101511594ccbd4e0ad27970fc3651cf22fa680e54a190d3f4a702bf9fcfa880:log:153,0x4101511594ccbd4e0ad27970fc3651cf22fa680e54a190d3f4a702bf9fcfa880,0xa03fc56332b91e6a3f12a86e9557fad5fe93a9ea,0xae9daa2d8a9348765887207a1adc92e3bbc73d87,5000.0,,,,SHI,erc20,"{'value': '0x010f0cf064dd59200000', 'address': '0xad996a45fd2373ed0b10efa4a8ecb9de445a4302', 'decimal': '0x12'}",{'blockTimestamp': '2022-07-18T06:57:10.000Z'}
317,0xe76635,0xfe573afff6ab112383397f6408c32566e705aa15812ae85c3a963297d0890361:log:201,0xfe573afff6ab112383397f6408c32566e705aa15812ae85c3a963297d0890361,0x5d91f1446717dc02814c660943656985704f20eb,0x5d91f1446717dc02814c660943656985704f20eb,100.0,,,,SHI,erc20,"{'value': '0x056bc75e2d63100000', 'address': '0xad996a45fd2373ed0b10efa4a8ecb9de445a4302', 'decimal': '0x12'}",{'blockTimestamp': '2022-07-18T06:21:03.000Z'}
318,0xe76427,0xd52a57aab9a798177d9b65d054c505ba0a0259ff374a334ca453e5b02c5f6d85:log:199,0xd52a57aab9a798177d9b65d054c505ba0a0259ff374a334ca453e5b02c5f6d85,0x5427fefa711eff984124bfbb1ab6fbf5e3da1820,0x5d91f1446717dc02814c660943656985704f20eb,628285.9237087907,,,,SHI,erc20,"{'value': '0x850b72bb5ba7bf832611', 'address': '0xad996a45fd2373ed0b10efa4a8ecb9de445a4302', 'decimal': '0x12'}",{'blockTimestamp': '2022-07-18T04:22:39.000Z'}
319,0xe753a4,0x1f84d880305a9351423e37db947c958c38ec166a11b778efd0d564bea1c11f61:log:335,0x1f84d880305a9351423e37db947c958c38ec166a11b778efd0d564bea1c11f61,0xda58619586d278f906e65d5b68c59f4594625c2e,0xae9daa2d8a9348765887207a1adc92e3bbc73d87,48529.009,,,,SHI,erc20,"{'value': '0x0a46c34a17ca6e9e8000', 'address': '0xad996a45fd2373ed0b10efa4a8ecb9de445a4302', 'decimal': '0x12'}",{'blockTimestamp': '2022-07-17T12:43:08.000Z'}
320,0xe727b5,0x1bb8844584963d3778847c78ee1fcae0afd29919829ecb4804414d19e033cfb2:log:217,0x1bb8844584963d3778847c78ee1fcae0afd29919829ecb4804414d19e033cfb2,0x0e6a2a2752d044109106370fc2fb011a948c141e,0xae9daa2d8a9348765887207a1adc92e3bbc73d87,73076.98,,,,SHI,erc20,"{'value': '0x0f7982d27390f5320000', 'address': '0xad996a45fd2373ed0b10efa4a8ecb9de445a4302', 'decimal': '0x12'}",{'blockTimestamp': '2022-07-15T18:38:19.000Z'}
321,0xe72799,0xeb506a9237a1a03f85ea38e53d6cba53947cd3125927d7d09959819ddb6aeded:log:438,0xeb506a9237a1a03f85ea38e53d6cba53947cd3125927d7d09959819ddb6aeded,0x0000000000000000000000000000000000000000,0x0e6a2a2752d044109106370fc2fb011a948c141e,73076.98,,,,SHI,erc20,"{'value': '0x0f7982d27390f5320000', 'address': '0xad996a45fd2373ed0b10efa4a8ecb9de445a4302', 'decimal': '0x12'}",{'blockTimestamp': '2022-07-15T18:33:38.000Z'}
322,0xe72439,0x118b92d68eef1540afc80e8ccde84b20a9881287cd84ce5eb51ddcca4f69edca:log:123,0x118b92d68eef1540afc80e8ccde84b20a9881287cd84ce5eb51ddcca4f69edca,0xe5f01e0c0e9227a1c83549bc2fb3e104e2e122d4,0xae9daa2d8a9348765887207a1adc92e3bbc73d87,14499.0,,,,SHI,erc20,"{'value': '0x0311fe0ba10174ac0000', 'address': '0xad996a45fd2373ed0b10efa4a8ecb9de445a4302', 'decimal': '0x12'}",{'blockTimestamp': '2022-07-15T15:31:43.000Z'}
323,0xe72126,0xecbe77e53c0129013771b0e892f3a2c1feec4878f6c1e91505b860cd55327039:log:143,0xecbe77e53c0129013771b0e892f3a2c1feec4878f6c1e91505b860cd55327039,0x0000000000000000000000000000000000000000,0xe5f01e0c0e9227a1c83549bc2fb3e104e2e122d4,14499.279999999999,,,,SHI,erc20,"{'value': '0x031201ee6385adc80000', 'address': '0xad996a45fd2373ed0b10efa4a8ecb9de445a4302', 'decimal': '0x12'}",{'blockTimestamp': '2022-07-15T12:40:08.000Z'}
324,0xe71eba,0x019d2798ba6108e22965cb529c47b2fcfb6be0d493748766d2325a677aa2f1c4:log:50,0x019d2798ba6108e22965cb529c47b2fcfb6be0d493748766d2325a677aa2f1c4,0x1753d3e254db740793dfb671d4a2bf66e0578161,0xae9daa2d8a9348765887207a1adc92e3bbc73d87,113780.0,,,,SHI,erc20,"{'value': '0x181806b25fb949500000', 'address': '0xad996a45fd2373ed0b10efa4a8ecb9de445a4302', 'decimal': '0x12'}",{'blockTimestamp': '2022-07-15T10:22:07.000Z'}
325,0xe71eb7,0xeb1bbe95686e031cb37928a62421070f49a0f1af1fa879d45ac15da0c4102324:log:224,0xeb1bbe95686e031cb37928a62421070f49a0f1af1fa879d45ac15da0c4102324,0x0000000000000000000000000000000000000000,0x1753d3e254db740793dfb671d4a2bf66e0578161,113776.98000000001,,,,SHI,erc20,"{'value': '0x1817dcc92db973a20000', 'address': '0xad996a45fd2373ed0b10efa4a8ecb9de445a4302', 'decimal': '0x12'}",{'blockTimestamp': '2022-07-15T10:20:39.000Z'}
326,0xe6f466,0x196b1f2bad08304cc71aba33df5831dcb189fd7449fa490faf048728a29f06ea:log:316,0x196b1f2bad08304cc71aba33df5831dcb189fd7449fa490faf048728a29f06ea,0xd11c08b3e15376e2cc97f1796689d0f344c3cd2a,0x3407cb61d462b2b827d60aa566f67f57c3c59f94,3736.6573031843645,,,,SHI,erc20,"{'value': '0xca90898396592897d4', 'address': '0xad996a45fd2373ed0b10efa4a8ecb9de445a4302', 'decimal': '0x12'}",{'blockTimestamp': '2022-07-13T18:20:37.000Z'}
327,0xe6f394,0x5fa27a67f49ddc11fdbdf6132b7c6ff3b100a5d316250943162aa39f0fe5dfd7:log:89,0x5fa27a67f49ddc11fdbdf6132b7c6ff3b100a5d316250943162aa39f0fe5dfd7,0x5f807debc24f673448c29db464240c1ba6d0612e,0xae9daa2d8a9348765887207a1adc92e3bbc73d87,137296.721,,,,SHI,erc20,"{'value': '0x1d12dec2c04bc24e8000', 'address': '0xad996a45fd2373ed0b10efa4a8ecb9de445a4302', 'decimal': '0x12'}",{'blockTimestamp': '2022-07-13T17:39:19.000Z'}
328,0xe6f379,0x93d63ffcecfccfccb44ada54d907b8b23d9b5f2369d28b8e4a6d3d46a203eac0:log:148,0x93d63ffcecfccfccb44ada54d907b8b23d9b5f2369d28b8e4a6d3d46a203eac0,0x5427fefa711eff984124bfbb1ab6fbf5e3da1820,0x5f807debc24f673448c29db464240c1ba6d0612e,137296.5915181323,,,,SHI,erc20,"{'value': '0x1d12dcf6bd392a01e4fb', 'address': '0xad996a45fd2373ed0b10efa4a8ecb9de445a4302', 'decimal': '0x12'}",{'blockTimestamp': '2022-07-13T17:32:13.000Z'}
329,0xe6c7ad,0xb0e9e1d39e92f54cb5c091b3d108bf3ba3946b3d094a5a451bfc3cc047844e7c:log:118,0xb0e9e1d39e92f54cb5c091b3d108bf3ba3946b3d094a5a451bfc3cc047844e7c,0x7defccdc77213ad10222866d9f2eebd9a5b8be70,0x0000000000000000000000000000000000000000,3094.749479084268,,,,SHI,erc20,"{'value': '0xa7c446ce8aaafac946', 'address': '0xad996a45fd2373ed0b10efa4a8ecb9de445a4302', 'decimal': '0x12'}",{'blockTimestamp': '2022-07-11T23:44:01.000Z'}
330,0xe6a2f1,0x40462cdf271c3f18a5121de5d3c824f3e861681d955d8f9d0e5056a8a2be0e29:log:290,0x40462cdf271c3f18a5121de5d3c824f3e861681d955d8f9d0e5056a8a2be0e29,0x91db9904d89ed5188869805062474ce35645a9ba,0xae9daa2d8a9348765887207a1adc92e3bbc73d87,33271.88,,,,SHI,erc20,"{'value': '0x070bac1732064fd40000', 'address': '0xad996a45fd2373ed0b10efa4a8ecb9de445a4302', 'decimal': '0x12'}",{'blockTimestamp': '2022-07-10T12:51:30.000Z'}
331,0xe6a2e4,0x0e0d7baa383b59d4da200fb9eecbd9f6a506e5d3ac46b57f86439f24038a1c96:log:462,0x0e0d7baa383b59d4da200fb9eecbd9f6a506e5d3ac46b57f86439f24038a1c96,0x0000000000000000000000000000000000000000,0x91db9904d89ed5188869805062474ce35645a9ba,33271.88,,,,SHI,erc20,"{'value': '0x070bac1732064fd40000', 'address': '0xad996a45fd2373ed0b10efa4a8ecb9de445a4302', 'decimal': '0x12'}",{'blockTimestamp': '2022-07-10T12:49:43.000Z'}
332,0xe69de5,0x061642d52dc41ce036b335df0dbce8329006d699cb1ad748c93152a45452761b:log:233,0x061642d52dc41ce036b335df0dbce8329006d699cb1ad748c93152a45452761b,0x2d712f9884689e935dc780cb7e18231b5ebdcdf8,0x5427fefa711eff984124bfbb1ab6fbf5e3da1820,2429.109733576568,,,,SHI,erc20,"{'value': '0x83aeab60b68318d498', 'address': '0xad996a45fd2373ed0b10efa4a8ecb9de445a4302', 'decimal': '0x12'}",{'blockTimestamp': '2022-07-10T08:01:03.000Z'}
333,0xe679f6,0x286dc668eac32c1cb31a442123e72a4df20e66d53459aeed84cfb90f4704ea1c:log:96,0x286dc668eac32c1cb31a442123e72a4df20e66d53459aeed84cfb90f4704ea1c,0x74de5d4fcbf63e00296fd95d33236b9794016631,0x980c4ab79e19cc3b56c18f81ed3d8ea10124ea74,11573.91005403793,,,,SHI,erc20,"{'value': '0x02736c4490f1a4df88fd', 'address': '0xad996a45fd2373ed0b10efa4a8ecb9de445a4302', 'decimal': '0x12'}",{'blockTimestamp': '2022-07-08T21:51:42.000Z'}
334,0xe679f6,0x286dc668eac32c1cb31a442123e72a4df20e66d53459aeed84cfb90f4704ea1c:log:93,0x286dc668eac32c1cb31a442123e72a4df20e66d53459aeed84cfb90f4704ea1c,0x74de5d4fcbf63e00296fd95d33236b9794016631,0xf4efa119b67af251449ced01f1ea3f1c59a59c44,1114.3078551286783,,,,SHI,erc20,"{'value': '0x3c6820c2622c4eb53d', 'address': '0xad996a45fd2373ed0b10efa4a8ecb9de445a4302', 'decimal': '0x12'}",{'blockTimestamp': '2022-07-08T21:51:42.000Z'}
335,0xe679f6,0x286dc668eac32c1cb31a442123e72a4df20e66d53459aeed84cfb90f4704ea1c:log:91,0x286dc668eac32c1cb31a442123e72a4df20e66d53459aeed84cfb90f4704ea1c,0x980c4ab79e19cc3b56c18f81ed3d8ea10124ea74,0x74de5d4fcbf63e00296fd95d33236b9794016631,12688.217909166606,,,,SHI,erc20,"{'value': '0x02afd4655353d12e3e3a', 'address': '0xad996a45fd2373ed0b10efa4a8ecb9de445a4302', 'decimal': '0x12'}",{'blockTimestamp': '2022-07-08T21:51:42.000Z'}
336,0xe6758c,0x7d5bf5f4eac11574a8d3100587c108a7598f0f52ccde5e921bf36d54697af27b:log:261,0x7d5bf5f4eac11574a8d3100587c108a7598f0f52ccde5e921bf36d54697af27b,0x74de5d4fcbf63e00296fd95d33236b9794016631,0x980c4ab79e19cc3b56c18f81ed3d8ea10124ea74,1110.964931563292,,,,SHI,erc20,"{'value': '0x3c39bc4f1cc230c69c', 'address': '0xad996a45fd2373ed0b10efa4a8ecb9de445a4302', 'decimal': '0x12'}",{'blockTimestamp': '2022-07-08T17:49:44.000Z'}
337,0xe6758c,0x7d5bf5f4eac11574a8d3100587c108a7598f0f52ccde5e921bf36d54697af27b:log:258,0x7d5bf5f4eac11574a8d3100587c108a7598f0f52ccde5e921bf36d54697af27b,0xf4efa119b67af251449ced01f1ea3f1c59a59c44,0x74de5d4fcbf63e00296fd95d33236b9794016631,1110.964931563292,,,,SHI,erc20,"{'value': '0x3c39bc4f1cc230c69c', 'address': '0xad996a45fd2373ed0b10efa4a8ecb9de445a4302', 'decimal': '0x12'}",{'blockTimestamp': '2022-07-08T17:49:44.000Z'}
338,0xe67558,0x140063aaf20a12bd56a714fc62361698729ccb0ea65a341522dd6b3581160bc7:log:234,0x140063aaf20a12bd56a714fc62361698729ccb0ea65a341522dd6b3581160bc7,0x74de5d4fcbf63e00296fd95d33236b9794016631,0x980c4ab79e19cc3b56c18f81ed3d8ea10124ea74,11577.252977603315,,,,SHI,erc20,"{'value': '0x02739aa904370efd779e', 'address': '0xad996a45fd2373ed0b10efa4a8ecb9de445a4302', 'decimal': '0x12'}",{'blockTimestamp': '2022-07-08T17:38:14.000Z'}
339,0xe67558,0x140063aaf20a12bd56a714fc62361698729ccb0ea65a341522dd6b3581160bc7:log:231,0x140063aaf20a12bd56a714fc62361698729ccb0ea65a341522dd6b3581160bc7,0x74de5d4fcbf63e00296fd95d33236b9794016631,0xf4efa119b67af251449ced01f1ea3f1c59a59c44,31564.47330925486,,,,SHI,erc20,"{'value': '0x06af1d101705328e334c', 'address': '0xad996a45fd2373ed0b10efa4a8ecb9de445a4302', 'decimal': '0x12'}",{'blockTimestamp': '2022-07-08T17:38:14.000Z'}
340,0xe67558,0x140063aaf20a12bd56a714fc62361698729ccb0ea65a341522dd6b3581160bc7:log:229,0x140063aaf20a12bd56a714fc62361698729ccb0ea65a341522dd6b3581160bc7,0x980c4ab79e19cc3b56c18f81ed3d8ea10124ea74,0x74de5d4fcbf63e00296fd95d33236b9794016631,43141.726286858175,,,,SHI,erc20,"{'value': '0x0922b7b91b3c418baaea', 'address': '0xad996a45fd2373ed0b10efa4a8ecb9de445a4302', 'decimal': '0x12'}",{'blockTimestamp': '2022-07-08T17:38:14.000Z'}
341,0xe66f31,0x1739d7c1b71b2aa70523c071abb80ce5165074bdf291e1d45d95b54358319e51:log:254,0x1739d7c1b71b2aa70523c071abb80ce5165074bdf291e1d45d95b54358319e51,0x7294b83f614ec2845bb66d0ba0fcf7206f5b0b77,0xae9daa2d8a9348765887207a1adc92e3bbc73d87,10149.717999999999,,,,SHI,erc20,"{'value': '0x022637a1f97d442f0000', 'address': '0xad996a45fd2373ed0b10efa4a8ecb9de445a4302', 'decimal': '0x12'}",{'blockTimestamp': '2022-07-08T11:52:45.000Z'}
342,0xe66ced,0xdcf272deac72d927ad96aee635127701ff729932785de0b0134042cf481aa345:log:398,0xdcf272deac72d927ad96aee635127701ff729932785de0b0134042cf481aa345,0xb0f0c2af5a6046bd2ed32f2028e547ce743a8090,0xae9daa2d8a9348765887207a1adc92e3bbc73d87,21146.418,,,,SHI,erc20,"{'value': '0x047a59807c79c6450000', 'address': '0xad996a45fd2373ed0b10efa4a8ecb9de445a4302', 'decimal': '0x12'}",{'blockTimestamp': '2022-07-08T09:45:13.000Z'}
343,0xe66cdf,0x9c6624289173adbed1cad92d690eb4b20e859b86a3bf3fe47975095d5afcd4c2:log:359,0x9c6624289173adbed1cad92d690eb4b20e859b86a3bf3fe47975095d5afcd4c2,0xf4efa119b67af251449ced01f1ea3f1c59a59c44,0xb0f0c2af5a6046bd2ed32f2028e547ce743a8090,21145.859650131548,,,,SHI,erc20,"{'value': '0x047a51c0d43a84cfdd49', 'address': '0xad996a45fd2373ed0b10efa4a8ecb9de445a4302', 'decimal': '0x12'}",{'blockTimestamp': '2022-07-08T09:42:07.000Z'}
344,0xe66b99,0x7f199537210573c9ab670533b8200ac5b23adf0a625b3e9526c5765b03f2f11f:log:218,0x7f199537210573c9ab670533b8200ac5b23adf0a625b3e9526c5765b03f2f11f,0x74de5d4fcbf63e00296fd95d33236b9794016631,0x980c4ab79e19cc3b56c18f81ed3d8ea10124ea74,10323.92023919555,,,,SHI,erc20,"{'value': '0x022fa92ca7131c7098ec', 'address': '0xad996a45fd2373ed0b10efa4a8ecb9de445a4302', 'decimal': '0x12'}",{'blockTimestamp': '2022-07-08T08:24:31.000Z'}
345,0xe66b99,0x7f199537210573c9ab670533b8200ac5b23adf0a625b3e9526c5765b03f2f11f:log:215,0x7f199537210573c9ab670533b8200ac5b23adf0a625b3e9526c5765b03f2f11f,0xf4efa119b67af251449ced01f1ea3f1c59a59c44,0x74de5d4fcbf63e00296fd95d33236b9794016631,10323.92023919555,,,,SHI,erc20,"{'value': '0x022fa92ca7131c7098ec', 'address': '0xad996a45fd2373ed0b10efa4a8ecb9de445a4302', 'decimal': '0x12'}",{'blockTimestamp': '2022-07-08T08:24:31.000Z'}
346,0xe66b41,0xcc61d771f0e201e8620e8c6683694b977ad077478dc53574f8452a14f9286024:log:435,0xcc61d771f0e201e8620e8c6683694b977ad077478dc53574f8452a14f9286024,0x51162e96c37e124589cfd46328073f2c412eb683,0xae9daa2d8a9348765887207a1adc92e3bbc73d87,34998.0,,,,SHI,erc20,"{'value': '0x07693ed154a621180000', 'address': '0xad996a45fd2373ed0b10efa4a8ecb9de445a4302', 'decimal': '0x12'}",{'blockTimestamp': '2022-07-08T08:06:44.000Z'}
347,0xe65db2,0x63f8bf0b3014d6e05736b12ce5795970fd72b8cd5ba6e03df69d7752e6d9a4a6:log:120,0x63f8bf0b3014d6e05736b12ce5795970fd72b8cd5ba6e03df69d7752e6d9a4a6,0xa32629f111792fe12c7c4ef06cd9a1614a02cdb8,0xae9daa2d8a9348765887207a1adc92e3bbc73d87,2225642.13,,,,SHI,erc20,"{'value': '0x01d74c4d375d9d62350000', 'address': '0xad996a45fd2373ed0b10efa4a8ecb9de445a4302', 'decimal': '0x12'}",{'blockTimestamp': '2022-07-07T19:21:48.000Z'}
348,0xe65da2,0x26df837a4dcac9ade69bb44466bff54a9e8b384eb4e8e3d36a15222fd9475df0:log:334,0x26df837a4dcac9ade69bb44466bff54a9e8b384eb4e8e3d36a15222fd9475df0,0x0000000000000000000000000000000000000000,0xa32629f111792fe12c7c4ef06cd9a1614a02cdb8,2225642.13,,,,SHI,erc20,"{'value': '0x01d74c4d375d9d62350000', 'address': '0xad996a45fd2373ed0b10efa4a8ecb9de445a4302', 'decimal': '0x12'}",{'blockTimestamp': '2022-07-07T19:16:00.000Z'}
349,0xe646c0,0x35193c11b4c6571af981c9aaa89861dddbfaa61fb3b221310395e039f25e71f0:log:515,0x35193c11b4c6571af981c9aaa89861dddbfaa61fb3b221310395e039f25e71f0,0x74de5d4fcbf63e00296fd95d33236b9794016631,0x980c4ab79e19cc3b56c18f81ed3d8ea10124ea74,32817.80604766263,,,,SHI,erc20,"{'value': '0x06f30e8c7429251b11fe', 'address': '0xad996a45fd2373ed0b10efa4a8ecb9de445a4302', 'decimal': '0x12'}",{'blockTimestamp': '2022-07-06T21:25:07.000Z'}
350,0xe646c0,0x35193c11b4c6571af981c9aaa89861dddbfaa61fb3b221310395e039f25e71f0:log:509,0x35193c11b4c6571af981c9aaa89861dddbfaa61fb3b221310395e039f25e71f0,0x74de5d4fcbf63e00296fd95d33236b9794016631,0x925234a26563142289491b2cc06587bd41381724,128.23636351663743,,,,SHI,erc20,"{'value': '0x06f3a315316908fde1', 'address': '0xad996a45fd2373ed0b10efa4a8ecb9de445a4302', 'decimal': '0x12'}",{'blockTimestamp': '2022-07-06T21:25:07.000Z'}
351,0xe646c0,0x35193c11b4c6571af981c9aaa89861dddbfaa61fb3b221310395e039f25e71f0:log:507,0x35193c11b4c6571af981c9aaa89861dddbfaa61fb3b221310395e039f25e71f0,0x980c4ab79e19cc3b56c18f81ed3d8ea10124ea74,0x74de5d4fcbf63e00296fd95d33236b9794016631,32946.04241117927,,,,SHI,erc20,"{'value': '0x06fa022f895a8e240fdf', 'address': '0xad996a45fd2373ed0b10efa4a8ecb9de445a4302', 'decimal': '0x12'}",{'blockTimestamp': '2022-07-06T21:25:07.000Z'}
352,0xe646bc,0xdb375e3965863a6b51d9732dafd8f3fb07704f12d079cd47059297b316deeb5c:log:149,0xdb375e3965863a6b51d9732dafd8f3fb07704f12d079cd47059297b316deeb5c,0x74de5d4fcbf63e00296fd95d33236b9794016631,0x980c4ab79e19cc3b56c18f81ed3d8ea10124ea74,32946.04241117927,,,,SHI,erc20,"{'value': '0x06fa022f895a8e240fdf', 'address': '0xad996a45fd2373ed0b10efa4a8ecb9de445a4302', 'decimal': '0x12'}",{'blockTimestamp': '2022-07-06T21:24:28.000Z'}
353,0xe646bc,0xdb375e3965863a6b51d9732dafd8f3fb07704f12d079cd47059297b316deeb5c:log:146,0xdb375e3965863a6b51d9732dafd8f3fb07704f12d079cd47059297b316deeb5c,0x74de5d4fcbf63e00296fd95d33236b9794016631,0xf4efa119b67af251449ced01f1ea3f1c59a59c44,14723.24017776957,,,,SHI,erc20,"{'value': '0x031e2600c69c9a531419', 'address': '0xad996a45fd2373ed0b10efa4a8ecb9de445a4302', 'decimal': '0x12'}",{'blockTimestamp': '2022-07-06T21:24:28.000Z'}
354,0xe646bc,0xdb375e3965863a6b51d9732dafd8f3fb07704f12d079cd47059297b316deeb5c:log:144,0xdb375e3965863a6b51d9732dafd8f3fb07704f12d079cd47059297b316deeb5c,0x980c4ab79e19cc3b56c18f81ed3d8ea10124ea74,0x74de5d4fcbf63e00296fd95d33236b9794016631,47669.28258894884,,,,SHI,erc20,"{'value': '0x0a1828304ff7287723f8', 'address': '0xad996a45fd2373ed0b10efa4a8ecb9de445a4302', 'decimal': '0x12'}",{'blockTimestamp': '2022-07-06T21:24:28.000Z'}
355,0xe6467f,0xd46909cedfd73b74eb6f869c5ab3e54fffa5d97a0dfd3c8c308dd269bf6f0db6:log:104,0xd46909cedfd73b74eb6f869c5ab3e54fffa5d97a0dfd3c8c308dd269bf6f0db6,0x0e7ec41dd6bd05c3bd12432d3bfe9458144d89bc,0xae9daa2d8a9348765887207a1adc92e3bbc73d87,62276.98,,,,SHI,erc20,"{'value': '0x0d300ab6b86b2a720000', 'address': '0xad996a45fd2373ed0b10efa4a8ecb9de445a4302', 'decimal': '0x12'}",{'blockTimestamp': '2022-07-06T21:12:08.000Z'}
356,0xe64677,0x3a1a07d3049d1e196d101e5d090be4e96ed8c617dfadf0509e0be199fad8ab3b:log:379,0x3a1a07d3049d1e196d101e5d090be4e96ed8c617dfadf0509e0be199fad8ab3b,0x0000000000000000000000000000000000000000,0x0e7ec41dd6bd05c3bd12432d3bfe9458144d89bc,62276.98,,,,SHI,erc20,"{'value': '0x0d300ab6b86b2a720000', 'address': '0xad996a45fd2373ed0b10efa4a8ecb9de445a4302', 'decimal': '0x12'}",{'blockTimestamp': '2022-07-06T21:09:55.000Z'}
357,0xe63d8b,0x19084f7020a664dcba32ce608326bb1a36d7948f3e7e3f9845837d3efa707201:log:84,0x19084f7020a664dcba32ce608326bb1a36d7948f3e7e3f9845837d3efa707201,0xdef171fe48cf0115b1d80b88dc8eab59176fee57,0xf4efa119b67af251449ced01f1ea3f1c59a59c44,115917.49875756225,,,,SHI,erc20,"{'value': '0x188be67372c5d9fe2488', 'address': '0xad996a45fd2373ed0b10efa4a8ecb9de445a4302', 'decimal': '0x12'}",{'blockTimestamp': '2022-07-06T12:52:37.000Z'}
358,0xe63d8b,0x19084f7020a664dcba32ce608326bb1a36d7948f3e7e3f9845837d3efa707201:log:82,0x19084f7020a664dcba32ce608326bb1a36d7948f3e7e3f9845837d3efa707201,0xd54e4f8a55247487dd7c8c59f14ee5c0c2889477,0xdef171fe48cf0115b1d80b88dc8eab59176fee57,115917.49875756225,,,,SHI,erc20,"{'value': '0x188be67372c5d9fe2488', 'address': '0xad996a45fd2373ed0b10efa4a8ecb9de445a4302', 'decimal': '0x12'}",{'blockTimestamp': '2022-07-06T12:52:37.000Z'}
359,0xe63d88,0x7c0f2ae4e96be45dc56a8c678287f91333911a9fa66437edee4047fc5e5ff991:log:190,0x7c0f2ae4e96be45dc56a8c678287f91333911a9fa66437edee4047fc5e5ff991,0x0000000000000000000000000000000000000000,0xd54e4f8a55247487dd7c8c59f14ee5c0c2889477,115917.49875756225,,,,SHI,erc20,"{'value': '0x188be67372c5d9fe2488', 'address': '0xad996a45fd2373ed0b10efa4a8ecb9de445a4302', 'decimal': '0x12'}",{'blockTimestamp': '2022-07-06T12:52:10.000Z'}
360,0xe63d65,0xbdbafacee9ab03e32856b0014ccb9ed84035879ef6179c4609945f2822d51b36:log:590,0xbdbafacee9ab03e32856b0014ccb9ed84035879ef6179c4609945f2822d51b36,0xad5ed32bcb1677380ecb9a9897e10d9aa19b2282,0xae9daa2d8a9348765887207a1adc92e3bbc73d87,77103.38,,,,SHI,erc20,"{'value': '0x1053c858cec8e6020000', 'address': '0xad996a45fd2373ed0b10efa4a8ecb9de445a4302', 'decimal': '0x12'}",{'blockTimestamp': '2022-07-06T12:42:25.000Z'}
361,0xe63d5c,0xf66d7e7ad367385ae0a6c2c5a286c0d4042bd326dec740a1e7f7c7cc832dd5cf:log:676,0xf66d7e7ad367385ae0a6c2c5a286c0d4042bd326dec740a1e7f7c7cc832dd5cf,0xf4efa119b67af251449ced01f1ea3f1c59a59c44,0xad5ed32bcb1677380ecb9a9897e10d9aa19b2282,77103.38002108417,,,,SHI,erc20,"{'value': '0x1053c858e1f5f157e2ed', 'address': '0xad996a45fd2373ed0b10efa4a8ecb9de445a4302', 'decimal': '0x12'}",{'blockTimestamp': '2022-07-06T12:40:20.000Z'}
362,0xe63ce1,0xc90f8580b7923d91f85943d4e2e477d9c5de761a410fffd62cb44aae16789edd:log:126,0xc90f8580b7923d91f85943d4e2e477d9c5de761a410fffd62cb44aae16789edd,0x74de5d4fcbf63e00296fd95d33236b9794016631,0x980c4ab79e19cc3b56c18f81ed3d8ea10124ea74,47669.28258894884,,,,SHI,erc20,"{'value': '0x0a1828304ff7287723f8', 'address': '0xad996a45fd2373ed0b10efa4a8ecb9de445a4302', 'decimal': '0x12'}",{'blockTimestamp': '2022-07-06T12:17:24.000Z'}
363,0xe63ce1,0xc90f8580b7923d91f85943d4e2e477d9c5de761a410fffd62cb44aae16789edd:log:123,0xc90f8580b7923d91f85943d4e2e477d9c5de761a410fffd62cb44aae16789edd,0xf4efa119b67af251449ced01f1ea3f1c59a59c44,0x74de5d4fcbf63e00296fd95d33236b9794016631,47669.28258894884,,,,SHI,erc20,"{'value': '0x0a1828304ff7287723f8', 'address': '0xad996a45fd2373ed0b10efa4a8ecb9de445a4302', 'decimal': '0x12'}",{'blockTimestamp': '2022-07-06T12:17:24.000Z'}
364,0xe62242,0x22673beb44806816a4d1cd5956e92e39a43a3d2a7e61898256712ccb9df43b65:log:339,0x22673beb44806816a4d1cd5956e92e39a43a3d2a7e61898256712ccb9df43b65,0xf4efa119b67af251449ced01f1ea3f1c59a59c44,0x7defccdc77213ad10222866d9f2eebd9a5b8be70,3094.749479084268,,,,SHI,erc20,"{'value': '0xa7c446ce8aaafac946', 'address': '0xad996a45fd2373ed0b10efa4a8ecb9de445a4302', 'decimal': '0x12'}",{'blockTimestamp': '2022-07-05T10:51:11.000Z'}
365,0xe61fa7,0x06b6475b2b48d7995df50d7e6360d9042731ccf6696ebd9021573c645ecc85e7:log:16,0x06b6475b2b48d7995df50d7e6360d9042731ccf6696ebd9021573c645ecc85e7,0xbd58a8098be5174b189dc67a3a07c38ef86f8545,0xae9daa2d8a9348765887207a1adc92e3bbc73d87,164475.00000000003,,,,SHI,erc20,"{'value': '0x22d43526521a350c0000', 'address': '0xad996a45fd2373ed0b10efa4a8ecb9de445a4302', 'decimal': '0x12'}",{'blockTimestamp': '2022-07-05T08:23:15.000Z'}
366,0xe6153b,0x6433c71afa6c510a229de5a3d2a1808098e6765f79679a49f1924325976de3c7:log:184,0x6433c71afa6c510a229de5a3d2a1808098e6765f79679a49f1924325976de3c7,0x68958626d26166bc801833394ff37772287bf2f1,0xae9daa2d8a9348765887207a1adc92e3bbc73d87,129541.39,,,,SHI,erc20,"{'value': '0x1b6e73ec394cf35b0000', 'address': '0xad996a45fd2373ed0b10efa4a8ecb9de445a4302', 'decimal': '0x12'}",{'blockTimestamp': '2022-07-04T22:19:29.000Z'}
367,0xe614b6,0x5cda55605cc17b85d8868b3b4375addba95f01b862dc33a6878abb755e8152a4:log:98,0x5cda55605cc17b85d8868b3b4375addba95f01b862dc33a6878abb755e8152a4,0x0d0707963952f2fba59dd06f2b425ace40b492fe,0x68958626d26166bc801833394ff37772287bf2f1,120259.31044,,,,SHI,erc20,"{'value': '0x19774531340bb93e8000', 'address': '0xad996a45fd2373ed0b10efa4a8ecb9de445a4302', 'decimal': '0x12'}",{'blockTimestamp': '2022-07-04T21:48:46.000Z'}
368,0xe61472,0x3ae7fd3210ef65b878b32a5c5cdeca5a06033e5b3af8f701a2669c57bba52310:log:463,0x3ae7fd3210ef65b878b32a5c5cdeca5a06033e5b3af8f701a2669c57bba52310,0x0000000000000000000000000000000000000000,0x68958626d26166bc801833394ff37772287bf2f1,9282.08,,,,SHI,erc20,"{'value': '0x01f72ebc956eb5d00000', 'address': '0xad996a45fd2373ed0b10efa4a8ecb9de445a4302', 'decimal': '0x12'}",{'blockTimestamp': '2022-07-04T21:34:08.000Z'}
369,0xe60dd6,0x01608568f1fceed1425bd93ab540f767a3d83a11489bc010fd9f1f027fefd006:log:207,0x01608568f1fceed1425bd93ab540f767a3d83a11489bc010fd9f1f027fefd006,0x7defccdc77213ad10222866d9f2eebd9a5b8be70,0x0000000000000000000000000000000000000000,2860.0,,,,SHI,erc20,"{'value': '0x9b0a791f1211300000', 'address': '0xad996a45fd2373ed0b10efa4a8ecb9de445a4302', 'decimal': '0x12'}",{'blockTimestamp': '2022-07-04T15:24:22.000Z'}
370,0xe60899,0x160aaaa8f7be3fba175d43c6085690f4715125a3a845fd86fddff98b0fe462ae:log:489,0x160aaaa8f7be3fba175d43c6085690f4715125a3a845fd86fddff98b0fe462ae,0x7571f4042bc1b978b41ed5fd2bf5385558673354,0x5427fefa711eff984124bfbb1ab6fbf5e3da1820,5539325.13,,,,SHI,erc20,"{'value': '0x0494ff6ac0aca30ea10000', 'address': '0xad996a45fd2373ed0b10efa4a8ecb9de445a4302', 'decimal': '0x12'}",{'blockTimestamp': '2022-07-04T10:25:15.000Z'}
371,0xe60891,0x9489428a048349d7cf47afba6efa2f6bb869c2329ae5753defdf7d8e7c336afa:log:385,0x9489428a048349d7cf47afba6efa2f6bb869c2329ae5753defdf7d8e7c336afa,0x0000000000000000000000000000000000000000,0x7571f4042bc1b978b41ed5fd2bf5385558673354,2542325.13,,,,SHI,erc20,"{'value': '0x021a5bb8b14f2bc7810000', 'address': '0xad996a45fd2373ed0b10efa4a8ecb9de445a4302', 'decimal': '0x12'}",{'blockTimestamp': '2022-07-04T10:22:26.000Z'}
372,0xe5e8fb,0x331c57b3b61c6222301f7e8121f673a6058931b7fa6784b7db4d225e5cb3cbe5:log:464,0x331c57b3b61c6222301f7e8121f673a6058931b7fa6784b7db4d225e5cb3cbe5,0xd9b1fe9350ac20e6ba464504790422e91d3d321a,0x887c42f0656eb670473873ba60a21ef42eb56166,20252.156818753203,,,,SHI,erc20,"{'value': '0x0449df228e2169c56321', 'address': '0xad996a45fd2373ed0b10efa4a8ecb9de445a4302', 'decimal': '0x12'}",{'blockTimestamp': '2022-07-03T04:21:45.000Z'}
373,0xe5d593,0x624856f5953a986ef91daee7c4eb6334a56702a4231205f420fc08ffcda9e0d7:log:2,0x624856f5953a986ef91daee7c4eb6334a56702a4231205f420fc08ffcda9e0d7,0xdef171fe48cf0115b1d80b88dc8eab59176fee57,0xf4efa119b67af251449ced01f1ea3f1c59a59c44,54652.48414808266,,,,SHI,erc20,"{'value': '0x0b92b7940368fde1379f', 'address': '0xad996a45fd2373ed0b10efa4a8ecb9de445a4302', 'decimal': '0x12'}",{'blockTimestamp': '2022-07-02T09:56:51.000Z'}
374,0xe5d593,0x624856f5953a986ef91daee7c4eb6334a56702a4231205f420fc08ffcda9e0d7:log:0,0x624856f5953a986ef91daee7c4eb6334a56702a4231205f420fc08ffcda9e0d7,0xd54e4f8a55247487dd7c8c59f14ee5c0c2889477,0xdef171fe48cf0115b1d80b88dc8eab59176fee57,54652.48414808266,,,,SHI,erc20,"{'value': '0x0b92b7940368fde1379f', 'address': '0xad996a45fd2373ed0b10efa4a8ecb9de445a4302', 'decimal': '0x12'}",{'blockTimestamp': '2022-07-02T09:56:51.000Z'}
375,0xe5d591,0x9ac453a67bc87d786c1f499d8cf5e0b1b72626fe9990589786095a6b7105f5e9:log:296,0x9ac453a67bc87d786c1f499d8cf5e0b1b72626fe9990589786095a6b7105f5e9,0x0000000000000000000000000000000000000000,0xd54e4f8a55247487dd7c8c59f14ee5c0c2889477,54652.48414808266,,,,SHI,erc20,"{'value': '0x0b92b7940368fde1379f', 'address': '0xad996a45fd2373ed0b10efa4a8ecb9de445a4302', 'decimal': '0x12'}",{'blockTimestamp': '2022-07-02T09:56:32.000Z'}
376,0xe5d54b,0x4d48aa05e5d26b03e3acbe7fa6ed596d756dc418e3563a195e766a0f83f29b21:log:259,0x4d48aa05e5d26b03e3acbe7fa6ed596d756dc418e3563a195e766a0f83f29b21,0xf4efa119b67af251449ced01f1ea3f1c59a59c44,0x7defccdc77213ad10222866d9f2eebd9a5b8be70,2860.0,,,,SHI,erc20,"{'value': '0x9b0a791f1211300000', 'address': '0xad996a45fd2373ed0b10efa4a8ecb9de445a4302', 'decimal': '0x12'}",{'blockTimestamp': '2022-07-02T09:35:12.000Z'}
377,0xe5cfd3,0xdebb79190c4250c8cdf9dfc8cc6924d9bbdd93f2fbbe95f2a4d34eccde44f7b7:log:341,0xdebb79190c4250c8cdf9dfc8cc6924d9bbdd93f2fbbe95f2a4d34eccde44f7b7,0x1753d3e254db740793dfb671d4a2bf66e0578161,0xae9daa2d8a9348765887207a1adc92e3bbc73d87,49999.99999999999,,,,SHI,erc20,"{'value': '0x0a968163f0a57b400000', 'address': '0xad996a45fd2373ed0b10efa4a8ecb9de445a4302', 'decimal': '0x12'}",{'blockTimestamp': '2022-07-02T04:35:43.000Z'}
378,0xe5cfcd,0x0523f36c28a5b77300ba76b93d0520d07ddf6822c9c0cf1c1dd2bc5d7fbe913a:log:181,0x0523f36c28a5b77300ba76b93d0520d07ddf6822c9c0cf1c1dd2bc5d7fbe913a,0xf4efa119b67af251449ced01f1ea3f1c59a59c44,0x1753d3e254db740793dfb671d4a2bf66e0578161,49999.99999999999,,,,SHI,erc20,"{'value': '0x0a968163f0a57b400000', 'address': '0xad996a45fd2373ed0b10efa4a8ecb9de445a4302', 'decimal': '0x12'}",{'blockTimestamp': '2022-07-02T04:34:42.000Z'}
379,0xe5cb3c,0x79424063b39d32dcf8fa1ac667014e84816eaabcb7476964ecf6f639af1fa2f5:log:165,0x79424063b39d32dcf8fa1ac667014e84816eaabcb7476964ecf6f639af1fa2f5,0x74de5d4fcbf63e00296fd95d33236b9794016631,0xf4efa119b67af251449ced01f1ea3f1c59a59c44,2500.0,,,,SHI,erc20,"{'value': '0x878678326eac900000', 'address': '0xad996a45fd2373ed0b10efa4a8ecb9de445a4302', 'decimal': '0x12'}",{'blockTimestamp': '2022-07-02T00:22:35.000Z'}
380,0xe5cb3c,0x79424063b39d32dcf8fa1ac667014e84816eaabcb7476964ecf6f639af1fa2f5:log:163,0x79424063b39d32dcf8fa1ac667014e84816eaabcb7476964ecf6f639af1fa2f5,0xd9b1fe9350ac20e6ba464504790422e91d3d321a,0x74de5d4fcbf63e00296fd95d33236b9794016631,2500.0,,,,SHI,erc20,"{'value': '0x878678326eac900000', 'address': '0xad996a45fd2373ed0b10efa4a8ecb9de445a4302', 'decimal': '0x12'}",{'blockTimestamp': '2022-07-02T00:22:35.000Z'}
381,0xe5bce8,0x583825e349a387be20777c0810c3494482d792e2cea454c29780325e52d91ff1:log:369,0x583825e349a387be20777c0810c3494482d792e2cea454c29780325e52d91ff1,0x0000000000000000000000000000000000000000,0x7571f4042bc1b978b41ed5fd2bf5385558673354,2997000.0,,,,SHI,erc20,"{'value': '0x027aa3b20f5d7747200000', 'address': '0xad996a45fd2373ed0b10efa4a8ecb9de445a4302', 'decimal': '0x12'}",{'blockTimestamp': '2022-07-01T10:33:40.000Z'}
382,0xe5bc2e,0x1a59af281a21711990e19dbff2bd19cebf0edfec5df68356b569fc54fd138fa6:log:6,0x1a59af281a21711990e19dbff2bd19cebf0edfec5df68356b569fc54fd138fa6,0x7f955c75a7652534005377acc14b64100e682eaf,0xae9daa2d8a9348765887207a1adc92e3bbc73d87,2079678.24,,,,SHI,erc20,"{'value': '0x01b8639552c072c2500000', 'address': '0xad996a45fd2373ed0b10efa4a8ecb9de445a4302', 'decimal': '0x12'}",{'blockTimestamp': '2022-07-01T09:54:05.000Z'}
383,0xe5bc1a,0xd2133e0390369a133d98ccddaacff8ce1b4c5b188cef2184813cc2328a8b42cc:log:93,0xd2133e0390369a133d98ccddaacff8ce1b4c5b188cef2184813cc2328a8b42cc,0x0000000000000000000000000000000000000000,0x7f955c75a7652534005377acc14b64100e682eaf,2079678.24,,,,SHI,erc20,"{'value': '0x01b8639552c072c2500000', 'address': '0xad996a45fd2373ed0b10efa4a8ecb9de445a4302', 'decimal': '0x12'}",{'blockTimestamp': '2022-07-01T09:49:40.000Z'}
384,0xe5aa9a,0x207ab9fb83d1298a98338d5e6ba7e9d478ca5d4fbf858ef418de26dc4644fbd6:log:120,0x207ab9fb83d1298a98338d5e6ba7e9d478ca5d4fbf858ef418de26dc4644fbd6,0x7f955c75a7652534005377acc14b64100e682eaf,0xae9daa2d8a9348765887207a1adc92e3bbc73d87,753537.9800000001,,,,SHI,erc20,"{'value': '0x9f9160310aacbd460000', 'address': '0xad996a45fd2373ed0b10efa4a8ecb9de445a4302', 'decimal': '0x12'}",{'blockTimestamp': '2022-06-30T16:52:00.000Z'}
385,0xe5aa67,0xa14e2a0cf058a8da2a98d69b4a89da74f2938d956b805a2d2220f422e8fa7b86:log:58,0xa14e2a0cf058a8da2a98d69b4a89da74f2938d956b805a2d2220f422e8fa7b86,0x0000000000000000000000000000000000000000,0x7f955c75a7652534005377acc14b64100e682eaf,753537.9800000001,,,,SHI,erc20,"{'value': '0x9f9160310aacbd460000', 'address': '0xad996a45fd2373ed0b10efa4a8ecb9de445a4302', 'decimal': '0x12'}",{'blockTimestamp': '2022-06-30T16:39:23.000Z'}
386,0xe59b40,0xa4a690a78e812d92b1eab7a7264bb01d37b3d056ce759a358f9484f8c4c50d7a:log:320,0xa4a690a78e812d92b1eab7a7264bb01d37b3d056ce759a358f9484f8c4c50d7a,0x74de5d4fcbf63e00296fd95d33236b9794016631,0xf4efa119b67af251449ced01f1ea3f1c59a59c44,24999.999999999996,,,,SHI,erc20,"{'value': '0x054b40b1f852bda00000', 'address': '0xad996a45fd2373ed0b10efa4a8ecb9de445a4302', 'decimal': '0x12'}",{'blockTimestamp': '2022-06-29T23:28:28.000Z'}
387,0xe59b40,0xa4a690a78e812d92b1eab7a7264bb01d37b3d056ce759a358f9484f8c4c50d7a:log:317,0xa4a690a78e812d92b1eab7a7264bb01d37b3d056ce759a358f9484f8c4c50d7a,0xe8b661e4d33a5ec7e0f9c217ccc792e21584b3c0,0x74de5d4fcbf63e00296fd95d33236b9794016631,24999.999999999996,,,,SHI,erc20,"{'value': '0x054b40b1f852bda00000', 'address': '0xad996a45fd2373ed0b10efa4a8ecb9de445a4302', 'decimal': '0x12'}",{'blockTimestamp': '2022-06-29T23:28:28.000Z'}
388,0xe58ef2,0xb5cbb893670603680cd60d75b59c05c9e8ab79ecb55053bc2ca8e94c3a4023ca:log:171,0xb5cbb893670603680cd60d75b59c05c9e8ab79ecb55053bc2ca8e94c3a4023ca,0x74de5d4fcbf63e00296fd95d33236b9794016631,0xd9b1fe9350ac20e6ba464504790422e91d3d321a,22752.156818753203,,,,SHI,erc20,"{'value': '0x04d1659ac09016556321', 'address': '0xad996a45fd2373ed0b10efa4a8ecb9de445a4302', 'decimal': '0x12'}",{'blockTimestamp': '2022-06-29T09:29:27.000Z'}
389,0xe58ef2,0xb5cbb893670603680cd60d75b59c05c9e8ab79ecb55053bc2ca8e94c3a4023ca:log:168,0xb5cbb893670603680cd60d75b59c05c9e8ab79ecb55053bc2ca8e94c3a4023ca,0xf4efa119b67af251449ced01f1ea3f1c59a59c44,0x74de5d4fcbf63e00296fd95d33236b9794016631,22752.156818753203,,,,SHI,erc20,"{'value': '0x04d1659ac09016556321', 'address': '0xad996a45fd2373ed0b10efa4a8ecb9de445a4302', 'decimal': '0x12'}",{'blockTimestamp': '2022-06-29T09:29:27.000Z'}
390,0xe58af8,0x2616f4c501f59ff14ca1e6046beec05461241cb0fe67691ae428615ae99d0c95:log:533,0x2616f4c501f59ff14ca1e6046beec05461241cb0fe67691ae428615ae99d0c95,0xdef171fe48cf0115b1d80b88dc8eab59176fee57,0xf4efa119b67af251449ced01f1ea3f1c59a59c44,52637.08580169736,,,,SHI,erc20,"{'value': '0x0b25764ebd6928b163ba', 'address': '0xad996a45fd2373ed0b10efa4a8ecb9de445a4302', 'decimal': '0x12'}",{'blockTimestamp': '2022-06-29T04:47:45.000Z'}
391,0xe58af8,0x2616f4c501f59ff14ca1e6046beec05461241cb0fe67691ae428615ae99d0c95:log:531,0x2616f4c501f59ff14ca1e6046beec05461241cb0fe67691ae428615ae99d0c95,0xd54e4f8a55247487dd7c8c59f14ee5c0c2889477,0xdef171fe48cf0115b1d80b88dc8eab59176fee57,52637.08580169736,,,,SHI,erc20,"{'value': '0x0b25764ebd6928b163ba', 'address': '0xad996a45fd2373ed0b10efa4a8ecb9de445a4302', 'decimal': '0x12'}",{'blockTimestamp': '2022-06-29T04:47:45.000Z'}
392,0xe58af4,0xb30568d9e04aee817c7fcbc072bbda25eaaa62ef1ed4bc2428f2843ef0e4514c:log:480,0xb30568d9e04aee817c7fcbc072bbda25eaaa62ef1ed4bc2428f2843ef0e4514c,0x0000000000000000000000000000000000000000,0xd54e4f8a55247487dd7c8c59f14ee5c0c2889477,52637.08580169736,,,,SHI,erc20,"{'value': '0x0b25764ebd6928b163ba', 'address': '0xad996a45fd2373ed0b10efa4a8ecb9de445a4302', 'decimal': '0x12'}",{'blockTimestamp': '2022-06-29T04:47:09.000Z'}
393,0xe589bc,0x18ae4fa88a02fc0fa398a75f64d9ad03a1cdbfde875390e54e64e7e10ca7d8a6:log:109,0x18ae4fa88a02fc0fa398a75f64d9ad03a1cdbfde875390e54e64e7e10ca7d8a6,0xf4efa119b67af251449ced01f1ea3f1c59a59c44,0x623c72cb71dd583de01ada0ae48f01423bb904fd,45000.0,,,,SHI,erc20,"{'value': '0x098774738bc822200000', 'address': '0xad996a45fd2373ed0b10efa4a8ecb9de445a4302', 'decimal': '0x12'}",{'blockTimestamp': '2022-06-29T03:27:27.000Z'}
394,0xe579ee,0xfeb077881d68838b1e83aa5e44ea698e2fe58d1aa99396c0888461d615e8625f:log:116,0xfeb077881d68838b1e83aa5e44ea698e2fe58d1aa99396c0888461d615e8625f,0xdef171fe48cf0115b1d80b88dc8eab59176fee57,0xf4efa119b67af251449ced01f1ea3f1c59a59c44,62989.93581171575,,,,SHI,erc20,"{'value': '0x0d56b0f695c5b5d40b35', 'address': '0xad996a45fd2373ed0b10efa4a8ecb9de445a4302', 'decimal': '0x12'}",{'blockTimestamp': '2022-06-28T09:13:04.000Z'}
395,0xe579ee,0xfeb077881d68838b1e83aa5e44ea698e2fe58d1aa99396c0888461d615e8625f:log:114,0xfeb077881d68838b1e83aa5e44ea698e2fe58d1aa99396c0888461d615e8625f,0xd54e4f8a55247487dd7c8c59f14ee5c0c2889477,0xdef171fe48cf0115b1d80b88dc8eab59176fee57,62989.93581171575,,,,SHI,erc20,"{'value': '0x0d56b0f695c5b5d40b35', 'address': '0xad996a45fd2373ed0b10efa4a8ecb9de445a4302', 'decimal': '0x12'}",{'blockTimestamp': '2022-06-28T09:13:04.000Z'}
396,0xe578e7,0x01115801d55985cefc3011bcc73501a740dbe30dd530bb43c1c81827637d78d9:log:69,0x01115801d55985cefc3011bcc73501a740dbe30dd530bb43c1c81827637d78d9,0x0000000000000000000000000000000000000000,0xd54e4f8a55247487dd7c8c59f14ee5c0c2889477,62989.93581171575,,,,SHI,erc20,"{'value': '0x0d56b0f695c5b5d40b35', 'address': '0xad996a45fd2373ed0b10efa4a8ecb9de445a4302', 'decimal': '0x12'}",{'blockTimestamp': '2022-06-28T08:03:15.000Z'}
397,0xe568fd,0x028edc3afd9562c1f35a3642b667812a407f03c1193091505e13f7c6725f7b4f:log:414,0x028edc3afd9562c1f35a3642b667812a407f03c1193091505e13f7c6725f7b4f,0x1753d3e254db740793dfb671d4a2bf66e0578161,0xae9daa2d8a9348765887207a1adc92e3bbc73d87,61760.0,,,,SHI,erc20,"{'value': '0x0d14042ccd7efd000000', 'address': '0xad996a45fd2373ed0b10efa4a8ecb9de445a4302', 'decimal': '0x12'}",{'blockTimestamp': '2022-06-27T13:38:52.000Z'}
398,0xe568e9,0xb7503159652cf0ad47ffb7b980438ff680719229c8d36067c43d94c844095277:log:117,0xb7503159652cf0ad47ffb7b980438ff680719229c8d36067c43d94c844095277,0xf4efa119b67af251449ced01f1ea3f1c59a59c44,0x1753d3e254db740793dfb671d4a2bf66e0578161,61700.0,,,,SHI,erc20,"{'value': '0x0d10c381fb63c1900000', 'address': '0xad996a45fd2373ed0b10efa4a8ecb9de445a4302', 'decimal': '0x12'}",{'blockTimestamp': '2022-06-27T13:32:20.000Z'}
399,0xe55a47,0x24ff7f43cf60f582799f2f5082b0ef4fc6eec69d8658c83ee948d922e11dd7eb:log:196,0x24ff7f43cf60f582799f2f5082b0ef4fc6eec69d8658c83ee948d922e11dd7eb,0xc825dd260adc29b078eb4135679f22adb381488c,0x0000000000000000000000000000000000000000,168919.87304691432,,,,SHI,erc20,"{'value': '0x23c52a27985301dffa80', 'address': '0xad996a45fd2373ed0b10efa4a8ecb9de445a4302', 'decimal': '0x12'}",{'blockTimestamp': '2022-06-26T20:56:15.000Z'}
400,0xe558ee,0x6bddb15b7b0f943974198cbdc690db098e702e82381f4978ebf924eecad24fe5:log:271,0x6bddb15b7b0f943974198cbdc690db098e702e82381f4978ebf924eecad24fe5,0x0000000000000000000000000000000000000000,0xc825dd260adc29b078eb4135679f22adb381488c,168919.87304691432,,,,SHI,erc20,"{'value': '0x23c52a27985301dffa80', 'address': '0xad996a45fd2373ed0b10efa4a8ecb9de445a4302', 'decimal': '0x12'}",{'blockTimestamp': '2022-06-26T19:29:27.000Z'}
401,0xe549b7,0xf3bd8cea764b270f752482af5ea77e22f482caece9ab54db13ce9db551d5fe7d:log:427,0xf3bd8cea764b270f752482af5ea77e22f482caece9ab54db13ce9db551d5fe7d,0xd12bcdfb9a39be79da3bdf02557efdcd5ca59e77,0xf4efa119b67af251449ced01f1ea3f1c59a59c44,9255.818136652704,,,,SHI,erc20,"{'value': '0x01f5c247b3dc0274677e', 'address': '0xad996a45fd2373ed0b10efa4a8ecb9de445a4302', 'decimal': '0x12'}",{'blockTimestamp': '2022-06-26T01:51:01.000Z'}
402,0xe549b7,0xf3bd8cea764b270f752482af5ea77e22f482caece9ab54db13ce9db551d5fe7d:log:425,0xf3bd8cea764b270f752482af5ea77e22f482caece9ab54db13ce9db551d5fe7d,0xa9eeaf78b2dc10bc2cc0f2fc12e33193b542af3b,0xd12bcdfb9a39be79da3bdf02557efdcd5ca59e77,9255.818136652704,,,,SHI,erc20,"{'value': '0x01f5c247b3dc0274677e', 'address': '0xad996a45fd2373ed0b10efa4a8ecb9de445a4302', 'decimal': '0x12'}",{'blockTimestamp': '2022-06-26T01:51:01.000Z'}
403,0xe54952,0x6c88d887ae29163100755b83aae3539cfd94f25d20e983a5f7eb85ead317dcd1:log:229,0x6c88d887ae29163100755b83aae3539cfd94f25d20e983a5f7eb85ead317dcd1,0xd12bcdfb9a39be79da3bdf02557efdcd5ca59e77,0xa9eeaf78b2dc10bc2cc0f2fc12e33193b542af3b,9255.818136652704,,,,SHI,erc20,"{'value': '0x01f5c247b3dc0274677e', 'address': '0xad996a45fd2373ed0b10efa4a8ecb9de445a4302', 'decimal': '0x12'}",{'blockTimestamp': '2022-06-26T01:22:07.000Z'}
404,0xe54952,0x6c88d887ae29163100755b83aae3539cfd94f25d20e983a5f7eb85ead317dcd1:log:225,0x6c88d887ae29163100755b83aae3539cfd94f25d20e983a5f7eb85ead317dcd1,0xf4efa119b67af251449ced01f1ea3f1c59a59c44,0xd12bcdfb9a39be79da3bdf02557efdcd5ca59e77,9255.818136652704,,,,SHI,erc20,"{'value': '0x01f5c247b3dc0274677e', 'address': '0xad996a45fd2373ed0b10efa4a8ecb9de445a4302', 'decimal': '0x12'}",{'blockTimestamp': '2022-06-26T01:22:07.000Z'}
405,0xe53769,0xb09f004c7ca8a18217404512ef99f29d88eea76a7da7c0acc0b9b7606b917bfd:log:105,0xb09f004c7ca8a18217404512ef99f29d88eea76a7da7c0acc0b9b7606b917bfd,0xdef171fe48cf0115b1d80b88dc8eab59176fee57,0xf4efa119b67af251449ced01f1ea3f1c59a59c44,74919.07866920844,,,,SHI,erc20,"{'value': '0x0fdd5f13975ab20808a8', 'address': '0xad996a45fd2373ed0b10efa4a8ecb9de445a4302', 'decimal': '0x12'}",{'blockTimestamp': '2022-06-25T04:35:53.000Z'}
406,0xe53769,0xb09f004c7ca8a18217404512ef99f29d88eea76a7da7c0acc0b9b7606b917bfd:log:103,0xb09f004c7ca8a18217404512ef99f29d88eea76a7da7c0acc0b9b7606b917bfd,0xd54e4f8a55247487dd7c8c59f14ee5c0c2889477,0xdef171fe48cf0115b1d80b88dc8eab59176fee57,74919.07866920844,,,,SHI,erc20,"{'value': '0x0fdd5f13975ab20808a8', 'address': '0xad996a45fd2373ed0b10efa4a8ecb9de445a4302', 'decimal': '0x12'}",{'blockTimestamp': '2022-06-25T04:35:53.000Z'}
407,0xe53762,0xa08a29ba184471ab2520c4d96c2ca05fac99f5b8c55085551fe496f6a810429d:log:225,0xa08a29ba184471ab2520c4d96c2ca05fac99f5b8c55085551fe496f6a810429d,0x0000000000000000000000000000000000000000,0xd54e4f8a55247487dd7c8c59f14ee5c0c2889477,74919.07866920844,,,,SHI,erc20,"{'value': '0x0fdd5f13975ab20808a8', 'address': '0xad996a45fd2373ed0b10efa4a8ecb9de445a4302', 'decimal': '0x12'}",{'blockTimestamp': '2022-06-25T04:34:40.000Z'}
408,0xe5299c,0xc71a48a49b93eb50c7107e63a81157c17e9e008d5260db3d8a27f6f5daa4902d:log:259,0xc71a48a49b93eb50c7107e63a81157c17e9e008d5260db3d8a27f6f5daa4902d,0xdef171fe48cf0115b1d80b88dc8eab59176fee57,0xf4efa119b67af251449ced01f1ea3f1c59a59c44,122391.27779411181,,,,SHI,erc20,"{'value': '0x19ead82ec8f69d38395b', 'address': '0xad996a45fd2373ed0b10efa4a8ecb9de445a4302', 'decimal': '0x12'}",{'blockTimestamp': '2022-06-24T12:55:46.000Z'}
409,0xe5299c,0xc71a48a49b93eb50c7107e63a81157c17e9e008d5260db3d8a27f6f5daa4902d:log:257,0xc71a48a49b93eb50c7107e63a81157c17e9e008d5260db3d8a27f6f5daa4902d,0xd54e4f8a55247487dd7c8c59f14ee5c0c2889477,0xdef171fe48cf0115b1d80b88dc8eab59176fee57,122391.27779411181,,,,SHI,erc20,"{'value': '0x19ead82ec8f69d38395b', 'address': '0xad996a45fd2373ed0b10efa4a8ecb9de445a4302', 'decimal': '0x12'}",{'blockTimestamp': '2022-06-24T12:55:46.000Z'}
410,0xe52992,0xde25ecfe262af7f632beea5e41376c4a625b5eb33ac3a41f4f858ce415be8cbc:log:357,0xde25ecfe262af7f632beea5e41376c4a625b5eb33ac3a41f4f858ce415be8cbc,0x0000000000000000000000000000000000000000,0xd54e4f8a55247487dd7c8c59f14ee5c0c2889477,122391.27779411181,,,,SHI,erc20,"{'value': '0x19ead82ec8f69d38395b', 'address': '0xad996a45fd2373ed0b10efa4a8ecb9de445a4302', 'decimal': '0x12'}",{'blockTimestamp': '2022-06-24T12:53:57.000Z'}
411,0xe5235a,0xcd6acd05b16179d9b75290d849f7746889e2fad1ebcfdedd2fead7ebf09a92c6:log:684,0xcd6acd05b16179d9b75290d849f7746889e2fad1ebcfdedd2fead7ebf09a92c6,0x5ac77c151c914e33a6ef94b15e2800bfe8356513,0xae9daa2d8a9348765887207a1adc92e3bbc73d87,73000.0,,,,SHI,erc20,"{'value': '0x0f7556828d6c7ba00000', 'address': '0xad996a45fd2373ed0b10efa4a8ecb9de445a4302', 'decimal': '0x12'}",{'blockTimestamp': '2022-06-24T05:47:49.000Z'}
412,0xe51b83,0xb91b9affbc0aa63daab8a9049ee72f2fc42bf6b16bf9e732f9fa1ec16afe22b3:log:200,0xb91b9affbc0aa63daab8a9049ee72f2fc42bf6b16bf9e732f9fa1ec16afe22b3,0x7defccdc77213ad10222866d9f2eebd9a5b8be70,0xae9daa2d8a9348765887207a1adc92e3bbc73d87,23224.88,,,,SHI,erc20,"{'value': '0x04eb05f4dd4fe2380000', 'address': '0xad996a45fd2373ed0b10efa4a8ecb9de445a4302', 'decimal': '0x12'}",{'blockTimestamp': '2022-06-23T20:52:08.000Z'}
413,0xe5181c,0x3409519dd050d5dce25bad46d35779d7516e732312208ea132d37b0f99ed89b8:log:328,0x3409519dd050d5dce25bad46d35779d7516e732312208ea132d37b0f99ed89b8,0x0000000000000000000000000000000000000000,0x7defccdc77213ad10222866d9f2eebd9a5b8be70,23224.88,,,,SHI,erc20,"{'value': '0x04eb05f4dd4fe2380000', 'address': '0xad996a45fd2373ed0b10efa4a8ecb9de445a4302', 'decimal': '0x12'}",{'blockTimestamp': '2022-06-23T16:49:52.000Z'}
414,0xe517a5,0x7709cd2b21a4d4bb5c583dcad3b40ce235c65eeb98bef6208cd07af0651465c6:log:181,0x7709cd2b21a4d4bb5c583dcad3b40ce235c65eeb98bef6208cd07af0651465c6,0xf4efa119b67af251449ced01f1ea3f1c59a59c44,0xcaa4a720cdfefb765ce9f42046b4a64dbeb1f018,12803.969720338264,,,,SHI,erc20,"{'value': '0x02b61ac65e4f03dc5af2', 'address': '0xad996a45fd2373ed0b10efa4a8ecb9de445a4302', 'decimal': '0x12'}",{'blockTimestamp': '2022-06-23T16:20:59.000Z'}
415,0xe50e41,0x7036c02a07e1c6d4414254e7c89aa4fb8a9b9255d9a56a1f2433aa6701f04ab4:log:66,0x7036c02a07e1c6d4414254e7c89aa4fb8a9b9255d9a56a1f2433aa6701f04ab4,0xc825dd260adc29b078eb4135679f22adb381488c,0xf4efa119b67af251449ced01f1ea3f1c59a59c44,152550.2839393794,,,,SHI,erc20,"{'value': '0x204dc47874d247eaef00', 'address': '0xad996a45fd2373ed0b10efa4a8ecb9de445a4302', 'decimal': '0x12'}",{'blockTimestamp': '2022-06-23T05:27:46.000Z'}
416,0xe50e3f,0xe9f20c491f2eb71577529eab6179c119763444a53e3711080064739d0366e24b:log:569,0xe9f20c491f2eb71577529eab6179c119763444a53e3711080064739d0366e24b,0x0000000000000000000000000000000000000000,0xc825dd260adc29b078eb4135679f22adb381488c,152550.2839393794,,,,SHI,erc20,"{'value': '0x204dc47874d247eaef00', 'address': '0xad996a45fd2373ed0b10efa4a8ecb9de445a4302', 'decimal': '0x12'}",{'blockTimestamp': '2022-06-23T05:27:39.000Z'}
417,0xe506ec,0xfd9dffd05ec2ce1f8cbe54711f89aee10732a05a4ce0f0469887c461990b6db5:log:290,0xfd9dffd05ec2ce1f8cbe54711f89aee10732a05a4ce0f0469887c461990b6db5,0x6bf6cfaa7e80fb898a42eb96dee754d72e62b6d7,0x5ac77c151c914e33a6ef94b15e2800bfe8356513,73430.17780122497,,,,SHI,erc20,"{'value': '0x0f8ca86d1c754cb31092', 'address': '0xad996a45fd2373ed0b10efa4a8ecb9de445a4302', 'decimal': '0x12'}",{'blockTimestamp': '2022-06-22T20:54:03.000Z'}
418,0xe5048a,0x9b9109c8abec7f30616bcab95c68f58db4eafd21aa6592dc42db96fa44835010:log:184,0x9b9109c8abec7f30616bcab95c68f58db4eafd21aa6592dc42db96fa44835010,0x12076e7441522f9b3c0a468126f2820a9b6bdfb1,0xae9daa2d8a9348765887207a1adc92e3bbc73d87,21700.0,,,,SHI,erc20,"{'value': '0x04985bfed478f8900000', 'address': '0xad996a45fd2373ed0b10efa4a8ecb9de445a4302', 'decimal': '0x12'}",{'blockTimestamp': '2022-06-22T18:13:01.000Z'}
419,0xe5045e,0x0d45d51a9994fea68242c4e12729a6e459e222394cd3314687db8d4e72e3ffea:log:356,0x0d45d51a9994fea68242c4e12729a6e459e222394cd3314687db8d4e72e3ffea,0x0d0707963952f2fba59dd06f2b425ace40b492fe,0x12076e7441522f9b3c0a468126f2820a9b6bdfb1,21699.816513,,,,SHI,erc20,"{'value': '0x04985972f404a8a91000', 'address': '0xad996a45fd2373ed0b10efa4a8ecb9de445a4302', 'decimal': '0x12'}",{'blockTimestamp': '2022-06-22T18:01:44.000Z'}
420,0xe4f56e,0x7937072398ca2b08e0f74620eab9388c83a2ab5b405adcd1d6e9d446cedbe20f:log:298,0x7937072398ca2b08e0f74620eab9388c83a2ab5b405adcd1d6e9d446cedbe20f,0x860816d4b2533c36960f45f95364864c8ac99333,0xae9daa2d8a9348765887207a1adc92e3bbc73d87,16000.0,,,,SHI,erc20,"{'value': '0x03635c9adc5dea000000', 'address': '0xad996a45fd2373ed0b10efa4a8ecb9de445a4302', 'decimal': '0x12'}",{'blockTimestamp': '2022-06-22T00:55:13.000Z'}
421,0xe4f519,0x7b315f44e414c5188a035e5a6bc3d60681de9b3bfee7b598a287acced8cdccdc:log:48,0x7b315f44e414c5188a035e5a6bc3d60681de9b3bfee7b598a287acced8cdccdc,0x8f77569cbd03908b4d2f816e1d518376eb4f5349,0xae9daa2d8a9348765887207a1adc92e3bbc73d87,98976.98,,,,SHI,erc20,"{'value': '0x14f58d86bb7c2e620000', 'address': '0xad996a45fd2373ed0b10efa4a8ecb9de445a4302', 'decimal': '0x12'}",{'blockTimestamp': '2022-06-22T00:34:18.000Z'}
422,0xe4f501,0x782b5263537c896bac2645327c12ab5341d4ba64b1a2a167511d3fe4ddc0da6b:log:225,0x782b5263537c896bac2645327c12ab5341d4ba64b1a2a167511d3fe4ddc0da6b,0x0000000000000000000000000000000000000000,0x8f77569cbd03908b4d2f816e1d518376eb4f5349,98976.98,,,,SHI,erc20,"{'value': '0x14f58d86bb7c2e620000', 'address': '0xad996a45fd2373ed0b10efa4a8ecb9de445a4302', 'decimal': '0x12'}",{'blockTimestamp': '2022-06-22T00:26:38.000Z'}
423,0xe4f497,0x6f92653cfc029269abf4156be338c25dd45a89e55ea5d086641e88ecc4d7eca8:log:97,0x6f92653cfc029269abf4156be338c25dd45a89e55ea5d086641e88ecc4d7eca8,0x0d0707963952f2fba59dd06f2b425ace40b492fe,0x860816d4b2533c36960f45f95364864c8ac99333,16969.681714,,,,SHI,erc20,"{'value': '0x0397eda459a7ebed2000', 'address': '0xad996a45fd2373ed0b10efa4a8ecb9de445a4302', 'decimal': '0x12'}",{'blockTimestamp': '2022-06-21T23:49:59.000Z'}
424,0xe4dbf5,0xfbac53c42ffdc40aa55f47d2cd79ed50e516701090ad42f4d50b869906b9b049:log:336,0xfbac53c42ffdc40aa55f47d2cd79ed50e516701090ad42f4d50b869906b9b049,0xf4efa119b67af251449ced01f1ea3f1c59a59c44,0x6bf6cfaa7e80fb898a42eb96dee754d72e62b6d7,25666.297801224973,,,,SHI,erc20,"{'value': '0x056f5f6f48571bef1092', 'address': '0xad996a45fd2373ed0b10efa4a8ecb9de445a4302', 'decimal': '0x12'}",{'blockTimestamp': '2022-06-20T20:27:31.000Z'}
425,0xe4dac2,0x7da2039e190a25e4a7ff91763460ea7db0e36242201d3e57c344d1bd657ebadf:log:276,0x7da2039e190a25e4a7ff91763460ea7db0e36242201d3e57c344d1bd657ebadf,0x0000000000000000000000000000000000000000,0x073740b2a76222eb1e5fe21af9a2457acd3a229e,756.68,,,,SHI,erc20,"{'value': '0x29050b62f002940000', 'address': '0xad996a45fd2373ed0b10efa4a8ecb9de445a4302', 'decimal': '0x12'}",{'blockTimestamp': '2022-06-20T19:14:04.000Z'}
426,0xe4d657,0x73a662e1ccb2e14327bc627361518f90982928fb81cfbfd9e37a7c9068da231b:log:24,0x73a662e1ccb2e14327bc627361518f90982928fb81cfbfd9e37a7c9068da231b,0x0d0707963952f2fba59dd06f2b425ace40b492fe,0xdb56fe337ffd2b8c8fc69016a6b1f4922a36806d,4960.0,,,,SHI,erc20,"{'value': '0x010ce1d3d8cb31800000', 'address': '0xad996a45fd2373ed0b10efa4a8ecb9de445a4302', 'decimal': '0x12'}",{'blockTimestamp': '2022-06-20T14:31:39.000Z'}
427,0xe4d05e,0x5d4d8651892ae3ed193dd39ee32192d11b8ac22b654cc4db31372ca44640b2e7:log:15,0x5d4d8651892ae3ed193dd39ee32192d11b8ac22b654cc4db31372ca44640b2e7,0xdef171fe48cf0115b1d80b88dc8eab59176fee57,0xf4efa119b67af251449ced01f1ea3f1c59a59c44,116415.16633488925,,,,SHI,erc20,"{'value': '0x18a6e0f9db988e8e5e1b', 'address': '0xad996a45fd2373ed0b10efa4a8ecb9de445a4302', 'decimal': '0x12'}",{'blockTimestamp': '2022-06-20T08:27:25.000Z'}
428,0xe4d05e,0x5d4d8651892ae3ed193dd39ee32192d11b8ac22b654cc4db31372ca44640b2e7:log:13,0x5d4d8651892ae3ed193dd39ee32192d11b8ac22b654cc4db31372ca44640b2e7,0xd54e4f8a55247487dd7c8c59f14ee5c0c2889477,0xdef171fe48cf0115b1d80b88dc8eab59176fee57,116415.16633488925,,,,SHI,erc20,"{'value': '0x18a6e0f9db988e8e5e1b', 'address': '0xad996a45fd2373ed0b10efa4a8ecb9de445a4302', 'decimal': '0x12'}",{'blockTimestamp': '2022-06-20T08:27:25.000Z'}
429,0xe4d05c,0xe4eae044b1b9acb15eec8e152f754ec2ec637ec5e96fb0e4b88cc2b83bc28e53:log:506,0xe4eae044b1b9acb15eec8e152f754ec2ec637ec5e96fb0e4b88cc2b83bc28e53,0x0000000000000000000000000000000000000000,0xd54e4f8a55247487dd7c8c59f14ee5c0c2889477,116415.16633488925,,,,SHI,erc20,"{'value': '0x18a6e0f9db988e8e5e1b', 'address': '0xad996a45fd2373ed0b10efa4a8ecb9de445a4302', 'decimal': '0x12'}",{'blockTimestamp': '2022-06-20T08:26:33.000Z'}
430,0xe4c6c9,0x39a8f35a03e026ffb1e6ee1a5d04146ee9611ae47e140145edf2a5fecae3b39b:log:122,0x39a8f35a03e026ffb1e6ee1a5d04146ee9611ae47e140145edf2a5fecae3b39b,0xf62f1fbe84daa8796029feec1215ef7174b521dc,0xae9daa2d8a9348765887207a1adc92e3bbc73d87,100868.45999999999,,,,SHI,erc20,"{'value': '0x155c171599fe9a3e0000', 'address': '0xad996a45fd2373ed0b10efa4a8ecb9de445a4302', 'decimal': '0x12'}",{'blockTimestamp': '2022-06-19T22:09:03.000Z'}
431,0xe4c6b7,0x704f4aa0737f590f790b54c0f6d4d59b83d8441226a2426c934b404bf7786369:log:132,0x704f4aa0737f590f790b54c0f6d4d59b83d8441226a2426c934b404bf7786369,0x74de5d4fcbf63e00296fd95d33236b9794016631,0xe30990f9587f75245ac4b5b1c8cbfb7a35b6f660,19305.75588853132,,,,SHI,erc20,"{'value': '0x0416912f06573aebc929', 'address': '0xad996a45fd2373ed0b10efa4a8ecb9de445a4302', 'decimal': '0x12'}",{'blockTimestamp': '2022-06-19T22:04:11.000Z'}
432,0xe4c6b7,0x704f4aa0737f590f790b54c0f6d4d59b83d8441226a2426c934b404bf7786369:log:129,0x704f4aa0737f590f790b54c0f6d4d59b83d8441226a2426c934b404bf7786369,0xf4efa119b67af251449ced01f1ea3f1c59a59c44,0x74de5d4fcbf63e00296fd95d33236b9794016631,19305.75588853132,,,,SHI,erc20,"{'value': '0x0416912f06573aebc929', 'address': '0xad996a45fd2373ed0b10efa4a8ecb9de445a4302', 'decimal': '0x12'}",{'blockTimestamp': '2022-06-19T22:04:11.000Z'}
433,0xe4c614,0x70c3d4c86b3d39b6d1a719d93e09bb5648516d481ac1f17792ad782ace185688:log:491,0x70c3d4c86b3d39b6d1a719d93e09bb5648516d481ac1f17792ad782ace185688,0x5427fefa711eff984124bfbb1ab6fbf5e3da1820,0xf62f1fbe84daa8796029feec1215ef7174b521dc,100868.4604969894,,,,SHI,erc20,"{'value': '0x155c17175e00f7420bab', 'address': '0xad996a45fd2373ed0b10efa4a8ecb9de445a4302', 'decimal': '0x12'}",{'blockTimestamp': '2022-06-19T21:23:01.000Z'}
434,0xe4c595,0xeb011034556e9e8c7118fe2fada29bf17a9e938f844f67161d4dc4b845dd75a2:log:160,0xeb011034556e9e8c7118fe2fada29bf17a9e938f844f67161d4dc4b845dd75a2,0xc825dd260adc29b078eb4135679f22adb381488c,0xf4efa119b67af251449ced01f1ea3f1c59a59c44,201313.97273840776,,,,SHI,erc20,"{'value': '0x2aa14098ae710aff5069', 'address': '0xad996a45fd2373ed0b10efa4a8ecb9de445a4302', 'decimal': '0x12'}",{'blockTimestamp': '2022-06-19T20:45:29.000Z'}
435,0xe4c593,0x6fb308d25e5dd79be36c3857cf13c73a2cd737f856ade0721918750c10fe22ae:log:112,0x6fb308d25e5dd79be36c3857cf13c73a2cd737f856ade0721918750c10fe22ae,0x0000000000000000000000000000000000000000,0xc825dd260adc29b078eb4135679f22adb381488c,201129.6310168789,,,,SHI,erc20,"{'value': '0x2a974257536537203500', 'address': '0xad996a45fd2373ed0b10efa4a8ecb9de445a4302', 'decimal': '0x12'}",{'blockTimestamp': '2022-06-19T20:45:15.000Z'}
436,0xe4c4ce,0x2a3f196f070c7c50779d1c7af7ac002fda984a0d0df815773fafcc3a4444f50c:log:592,0x2a3f196f070c7c50779d1c7af7ac002fda984a0d0df815773fafcc3a4444f50c,0xdef171fe48cf0115b1d80b88dc8eab59176fee57,0xf4efa119b67af251449ced01f1ea3f1c59a59c44,132888.93778722,,,,SHI,erc20,"{'value': '0x1c23ec7b09b579682274', 'address': '0xad996a45fd2373ed0b10efa4a8ecb9de445a4302', 'decimal': '0x12'}",{'blockTimestamp': '2022-06-19T19:58:58.000Z'}
437,0xe4c4ce,0x2a3f196f070c7c50779d1c7af7ac002fda984a0d0df815773fafcc3a4444f50c:log:590,0x2a3f196f070c7c50779d1c7af7ac002fda984a0d0df815773fafcc3a4444f50c,0xd54e4f8a55247487dd7c8c59f14ee5c0c2889477,0xdef171fe48cf0115b1d80b88dc8eab59176fee57,132888.93778722,,,,SHI,erc20,"{'value': '0x1c23ec7b09b579682274', 'address': '0xad996a45fd2373ed0b10efa4a8ecb9de445a4302', 'decimal': '0x12'}",{'blockTimestamp': '2022-06-19T19:58:58.000Z'}
438,0xe4c4cb,0xcb225fc78abd930a4c233e5a1ce366a9189baea7442e806c7654fc47fe7f32b0:log:336,0xcb225fc78abd930a4c233e5a1ce366a9189baea7442e806c7654fc47fe7f32b0,0x0000000000000000000000000000000000000000,0xd54e4f8a55247487dd7c8c59f14ee5c0c2889477,132888.93778722,,,,SHI,erc20,"{'value': '0x1c23ec7b09b579682274', 'address': '0xad996a45fd2373ed0b10efa4a8ecb9de445a4302', 'decimal': '0x12'}",{'blockTimestamp': '2022-06-19T19:58:05.000Z'}
439,0xe4b964,0x5db0a4a9917c652ef5611bee644afd6b824e0ad707186061e97503e07a5704cc:log:496,0x5db0a4a9917c652ef5611bee644afd6b824e0ad707186061e97503e07a5704cc,0xc1466cc177087a72b34473f0d7bc135b0a19b402,0xf4efa119b67af251449ced01f1ea3f1c59a59c44,101067.39034,,,,SHI,erc20,"{'value': '0x1566dfcc243f15ec4000', 'address': '0xad996a45fd2373ed0b10efa4a8ecb9de445a4302', 'decimal': '0x12'}",{'blockTimestamp': '2022-06-19T07:53:49.000Z'}
440,0xe4b958,0x6cf13f302b81b14ef2aca9a1e44f70a8c06f698937bfe8ae3152858c83d1035d:log:76,0x6cf13f302b81b14ef2aca9a1e44f70a8c06f698937bfe8ae3152858c83d1035d,0x0d0707963952f2fba59dd06f2b425ace40b492fe,0xc1466cc177087a72b34473f0d7bc135b0a19b402,101067.39034,,,,SHI,erc20,"{'value': '0x1566dfcc243f15ec4000', 'address': '0xad996a45fd2373ed0b10efa4a8ecb9de445a4302', 'decimal': '0x12'}",{'blockTimestamp': '2022-06-19T07:50:37.000Z'}
441,0xe4aefc,0x3f405bcc23e2da256f6a4f8cdc8d609d6699abc95c1fb47ee466f586d6a9451e:log:249,0x3f405bcc23e2da256f6a4f8cdc8d609d6699abc95c1fb47ee466f586d6a9451e,0xa787f09349999a61434cfb75118c6a9d0cac9406,0x0000000000000000000000000000000000000000,160506.0,,,,SHI,erc20,"{'value': '0x21fd0c35bac3ffa80000', 'address': '0xad996a45fd2373ed0b10efa4a8ecb9de445a4302', 'decimal': '0x12'}",{'blockTimestamp': '2022-06-18T20:40:11.000Z'}
442,0xe4aef6,0x5e1406db28d320669022df65ffeef912468def96103ba29de3d18945e5910c26:log:101,0x5e1406db28d320669022df65ffeef912468def96103ba29de3d18945e5910c26,0xf4efa119b67af251449ced01f1ea3f1c59a59c44,0xa787f09349999a61434cfb75118c6a9d0cac9406,160506.232030904,,,,SHI,erc20,"{'value': '0x21fd0f6e11a4ba43d245', 'address': '0xad996a45fd2373ed0b10efa4a8ecb9de445a4302', 'decimal': '0x12'}",{'blockTimestamp': '2022-06-18T20:39:18.000Z'}
443,0xe4a396,0x266a248ce0810fb4a779597dc727fa6cfc716786b4566431a8d813f13e77c6fa:log:346,0x266a248ce0810fb4a779597dc727fa6cfc716786b4566431a8d813f13e77c6fa,0xf4efa119b67af251449ced01f1ea3f1c59a59c44,0xbd58a8098be5174b189dc67a3a07c38ef86f8545,164474.70439326615,,,,SHI,erc20,"{'value': '0x22d4310c1d581797eb9e', 'address': '0xad996a45fd2373ed0b10efa4a8ecb9de445a4302', 'decimal': '0x12'}",{'blockTimestamp': '2022-06-18T08:49:46.000Z'}
444,0xe4a306,0xe197096df3e6294eb9a375572f20ef7a6e77c57545dd13f5a54ba59d34c8adb6:log:495,0xe197096df3e6294eb9a375572f20ef7a6e77c57545dd13f5a54ba59d34c8adb6,0xd54e4f8a55247487dd7c8c59f14ee5c0c2889477,0x0000000000000000000000000000000000000000,136643.15472823314,,,,SHI,erc20,"{'value': '0x1cef70b4eaddd2626ac7', 'address': '0xad996a45fd2373ed0b10efa4a8ecb9de445a4302', 'decimal': '0x12'}",{'blockTimestamp': '2022-06-18T08:14:40.000Z'}
445,0xe4a304,0x3a5fbaf02461b19b01d5add10c313ce07c06119432ce587653a4995b8870a06e:log:365,0x3a5fbaf02461b19b01d5add10c313ce07c06119432ce587653a4995b8870a06e,0xdef171fe48cf0115b1d80b88dc8eab59176fee57,0xd54e4f8a55247487dd7c8c59f14ee5c0c2889477,136643.15472823314,,,,SHI,erc20,"{'value': '0x1cef70b4eaddd2626ac7', 'address': '0xad996a45fd2373ed0b10efa4a8ecb9de445a4302', 'decimal': '0x12'}",{'blockTimestamp': '2022-06-18T08:14:14.000Z'}
446,0xe4a304,0x3a5fbaf02461b19b01d5add10c313ce07c06119432ce587653a4995b8870a06e:log:362,0x3a5fbaf02461b19b01d5add10c313ce07c06119432ce587653a4995b8870a06e,0xf4efa119b67af251449ced01f1ea3f1c59a59c44,0xdef171fe48cf0115b1d80b88dc8eab59176fee57,136643.15472823314,,,,SHI,erc20,"{'value': '0x1cef70b4eaddd2626ac7', 'address': '0xad996a45fd2373ed0b10efa4a8ecb9de445a4302', 'decimal': '0x12'}",{'blockTimestamp': '2022-06-18T08:14:14.000Z'}
447,0xe4a2bb,0xb8553abe51b4f4734fce96e84b6665e8ad26514f186e4e98ccfdda16cdeb0a1f:log:33,0xb8553abe51b4f4734fce96e84b6665e8ad26514f186e4e98ccfdda16cdeb0a1f,0x67ebc532d648e6164a6fd726ff0b39e69180dafe,0x0000000000000000000000000000000000000000,58025.43043460958,,,,SHI,erc20,"{'value': '0x0c49909c6c5efbc04ef2', 'address': '0xad996a45fd2373ed0b10efa4a8ecb9de445a4302', 'decimal': '0x12'}",{'blockTimestamp': '2022-06-18T07:56:00.000Z'}
448,0xe4a2bb,0xb4847e0d142de95aa2e5db6ae74aa6fb5e11e332eb8b250a6b8cb5141d7c835d:log:30,0xb4847e0d142de95aa2e5db6ae74aa6fb5e11e332eb8b250a6b8cb5141d7c835d,0xf4efa119b67af251449ced01f1ea3f1c59a59c44,0x67ebc532d648e6164a6fd726ff0b39e69180dafe,58025.43043460958,,,,SHI,erc20,"{'value': '0x0c49909c6c5efbc04ef5', 'address': '0xad996a45fd2373ed0b10efa4a8ecb9de445a4302', 'decimal': '0x12'}",{'blockTimestamp': '2022-06-18T07:56:00.000Z'}
449,0xe4a09f,0x1989f58cd4aa20687d05479f616ecb26ec5e03ab008c25e9b823a7c36dd459f7:log:459,0x1989f58cd4aa20687d05479f616ecb26ec5e03ab008c25e9b823a7c36dd459f7,0xc1466cc177087a72b34473f0d7bc135b0a19b402,0xf4efa119b67af251449ced01f1ea3f1c59a59c44,110056.455091,,,,SHI,erc20,"{'value': '0x174e2c21712cba1a3000', 'address': '0xad996a45fd2373ed0b10efa4a8ecb9de445a4302', 'decimal': '0x12'}",{'blockTimestamp': '2022-06-18T05:31:50.000Z'}
450,0xe4a094,0x4b3817995f0c2daedd3a55f353cc47a6e5f8090f74ce3c57b9860b956b2b5552:log:358,0x4b3817995f0c2daedd3a55f353cc47a6e5f8090f74ce3c57b9860b956b2b5552,0x0d0707963952f2fba59dd06f2b425ace40b492fe,0xc1466cc177087a72b34473f0d7bc135b0a19b402,110056.455091,,,,SHI,erc20,"{'value': '0x174e2c21712cba1a3000', 'address': '0xad996a45fd2373ed0b10efa4a8ecb9de445a4302', 'decimal': '0x12'}",{'blockTimestamp': '2022-06-18T05:28:52.000Z'}
451,0xe49fbf,0x232cfc94e7c409be24139478caf4ec5407a6e47b58fd8815c36faecdf35c59f8:log:194,0x232cfc94e7c409be24139478caf4ec5407a6e47b58fd8815c36faecdf35c59f8,0x70aade6ae0c73fa61ca3a6c276f60c235901065f,0xae9daa2d8a9348765887207a1adc92e3bbc73d87,29254.0,,,,SHI,erc20,"{'value': '0x0631dccdf5aa4d580000', 'address': '0xad996a45fd2373ed0b10efa4a8ecb9de445a4302', 'decimal': '0x12'}",{'blockTimestamp': '2022-06-18T04:37:55.000Z'}
452,0xe49a17,0x5291397ce5e0a0b4339e05a838edf45f78dc29006a9b41f965790dd892e5befd:log:211,0x5291397ce5e0a0b4339e05a838edf45f78dc29006a9b41f965790dd892e5befd,0xf4efa119b67af251449ced01f1ea3f1c59a59c44,0x70aade6ae0c73fa61ca3a6c276f60c235901065f,3428.4886633356996,,,,SHI,erc20,"{'value': '0xb9dbd69264722eb177', 'address': '0xad996a45fd2373ed0b10efa4a8ecb9de445a4302', 'decimal': '0x12'}",{'blockTimestamp': '2022-06-17T22:41:12.000Z'}
453,0xe49955,0xd308ef888092c56c7ad36e40d0a980068b1e1802bb8763c0a46adddef1b0ba49:log:6,0xd308ef888092c56c7ad36e40d0a980068b1e1802bb8763c0a46adddef1b0ba49,0xc825dd260adc29b078eb4135679f22adb381488c,0x0000000000000000000000000000000000000000,184362.57296138888,,,,SHI,erc20,"{'value': '0x270a50aad19bac045d80', 'address': '0xad996a45fd2373ed0b10efa4a8ecb9de445a4302', 'decimal': '0x12'}",{'blockTimestamp': '2022-06-17T21:47:55.000Z'}
454,0xe49955,0xa4a18e50e5c5a9f99ff7d3140bd828b269eb93575646404e0b52e490adf4f450:log:3,0xa4a18e50e5c5a9f99ff7d3140bd828b269eb93575646404e0b52e490adf4f450,0xf4efa119b67af251449ced01f1ea3f1c59a59c44,0xc825dd260adc29b078eb4135679f22adb381488c,184341.721528876,,,,SHI,erc20,"{'value': '0x27092f4ba636985b85b9', 'address': '0xad996a45fd2373ed0b10efa4a8ecb9de445a4302', 'decimal': '0x12'}",{'blockTimestamp': '2022-06-17T21:47:55.000Z'}
455,0xe498f9,0x964c10357072587e30912786aa5cacb45195854db444b514742f95f17331ea61:log:6,0x964c10357072587e30912786aa5cacb45195854db444b514742f95f17331ea61,0xdef171fe48cf0115b1d80b88dc8eab59176fee57,0xf4efa119b67af251449ced01f1ea3f1c59a59c44,93928.2657278094,,,,SHI,erc20,"{'value': '0x13e3dc8a7a2991682657', 'address': '0xad996a45fd2373ed0b10efa4a8ecb9de445a4302', 'decimal': '0x12'}",{'blockTimestamp': '2022-06-17T21:23:20.000Z'}
456,0xe498f9,0x964c10357072587e30912786aa5cacb45195854db444b514742f95f17331ea61:log:4,0x964c10357072587e30912786aa5cacb45195854db444b514742f95f17331ea61,0xd54e4f8a55247487dd7c8c59f14ee5c0c2889477,0xdef171fe48cf0115b1d80b88dc8eab59176fee57,93928.2657278094,,,,SHI,erc20,"{'value': '0x13e3dc8a7a2991682657', 'address': '0xad996a45fd2373ed0b10efa4a8ecb9de445a4302', 'decimal': '0x12'}",{'blockTimestamp': '2022-06-17T21:23:20.000Z'}
457,0xe498f6,0x4e9e67195fd6abd1abbf4385fdf5c4704d3f575cbdaa41ac3cd4d576219575b9:log:45,0x4e9e67195fd6abd1abbf4385fdf5c4704d3f575cbdaa41ac3cd4d576219575b9,0xdef171fe48cf0115b1d80b88dc8eab59176fee57,0xd54e4f8a55247487dd7c8c59f14ee5c0c2889477,93928.2657278094,,,,SHI,erc20,"{'value': '0x13e3dc8a7a2991682657', 'address': '0xad996a45fd2373ed0b10efa4a8ecb9de445a4302', 'decimal': '0x12'}",{'blockTimestamp': '2022-06-17T21:22:42.000Z'}
458,0xe498f6,0x4e9e67195fd6abd1abbf4385fdf5c4704d3f575cbdaa41ac3cd4d576219575b9:log:42,0x4e9e67195fd6abd1abbf4385fdf5c4704d3f575cbdaa41ac3cd4d576219575b9,0xf4efa119b67af251449ced01f1ea3f1c59a59c44,0xdef171fe48cf0115b1d80b88dc8eab59176fee57,93928.2657278094,,,,SHI,erc20,"{'value': '0x13e3dc8a7a2991682657', 'address': '0xad996a45fd2373ed0b10efa4a8ecb9de445a4302', 'decimal': '0x12'}",{'blockTimestamp': '2022-06-17T21:22:42.000Z'}
459,0xe498e8,0xb3c480bce7c507f69c6f1bbd1aeb79f61e6b663feb9961d999ea669e6b7eee07:log:199,0xb3c480bce7c507f69c6f1bbd1aeb79f61e6b663feb9961d999ea669e6b7eee07,0x65a8f07bd9a8598e1b5b6c0a88f4779dbc077675,0x5427fefa711eff984124bfbb1ab6fbf5e3da1820,221268.61669942678,,,,SHI,erc20,"{'value': '0x2edafee93cc0e7555c5a', 'address': '0xad996a45fd2373ed0b10efa4a8ecb9de445a4302', 'decimal': '0x12'}",{'blockTimestamp': '2022-06-17T21:17:54.000Z'}
460,0xe498e3,0xa08f5f876e090c733c2ac87f489cb90d7ef7209e4126637efef419abb50e1ddc:log:23,0xa08f5f876e090c733c2ac87f489cb90d7ef7209e4126637efef419abb50e1ddc,0xf4efa119b67af251449ced01f1ea3f1c59a59c44,0x65a8f07bd9a8598e1b5b6c0a88f4779dbc077675,221268.61669942678,,,,SHI,erc20,"{'value': '0x2edafee93cc0e7555c5a', 'address': '0xad996a45fd2373ed0b10efa4a8ecb9de445a4302', 'decimal': '0x12'}",{'blockTimestamp': '2022-06-17T21:16:12.000Z'}
461,0xe498dd,0x5ca177dd5ea598226cf7682f0292b8f408e5d2b6e656c70a57f82bacd0d4a78a:log:254,0x5ca177dd5ea598226cf7682f0292b8f408e5d2b6e656c70a57f82bacd0d4a78a,0x220bda5c8994804ac96ebe4df184d25e5c2196d4,0xf4efa119b67af251449ced01f1ea3f1c59a59c44,408136.2038478031,,,,SHI,erc20,"{'value': '0x566d1ba2394aefe76db8', 'address': '0xad996a45fd2373ed0b10efa4a8ecb9de445a4302', 'decimal': '0x12'}",{'blockTimestamp': '2022-06-17T21:15:00.000Z'}
462,0xe498dd,0x5ca177dd5ea598226cf7682f0292b8f408e5d2b6e656c70a57f82bacd0d4a78a:log:252,0x5ca177dd5ea598226cf7682f0292b8f408e5d2b6e656c70a57f82bacd0d4a78a,0x74de5d4fcbf63e00296fd95d33236b9794016631,0x220bda5c8994804ac96ebe4df184d25e5c2196d4,408136.2038478031,,,,SHI,erc20,"{'value': '0x566d1ba2394aefe76db8', 'address': '0xad996a45fd2373ed0b10efa4a8ecb9de445a4302', 'decimal': '0x12'}",{'blockTimestamp': '2022-06-17T21:15:00.000Z'}
463,0xe498dd,0x5ca177dd5ea598226cf7682f0292b8f408e5d2b6e656c70a57f82bacd0d4a78a:log:251,0x5ca177dd5ea598226cf7682f0292b8f408e5d2b6e656c70a57f82bacd0d4a78a,0x3119db39df2f46ef30a917cb2b5b57b62524be65,0x74de5d4fcbf63e00296fd95d33236b9794016631,408136.2038478031,,,,SHI,erc20,"{'value': '0x566d1ba2394aefe76db8', 'address': '0xad996a45fd2373ed0b10efa4a8ecb9de445a4302', 'decimal': '0x12'}",{'blockTimestamp': '2022-06-17T21:15:00.000Z'}
464,0xe497fc,0x48728aa36f2ce4683a89331104b80b21c1f46e7de2bcf1dcaac7048a4c5b6fc3:log:111,0x48728aa36f2ce4683a89331104b80b21c1f46e7de2bcf1dcaac7048a4c5b6fc3,0xc825dd260adc29b078eb4135679f22adb381488c,0x0000000000000000000000000000000000000000,205119.93323905615,,,,SHI,erc20,"{'value': '0x2b6f92e89cf035f37180', 'address': '0xad996a45fd2373ed0b10efa4a8ecb9de445a4302', 'decimal': '0x12'}",{'blockTimestamp': '2022-06-17T20:24:15.000Z'}
465,0xe497fc,0xa7446af0ebb816c05c584b133e0c7d761ba12b5c65958cc9cec9deee1c997f9c:log:108,0xa7446af0ebb816c05c584b133e0c7d761ba12b5c65958cc9cec9deee1c997f9c,0xf4efa119b67af251449ced01f1ea3f1c59a59c44,0xc825dd260adc29b078eb4135679f22adb381488c,205193.15404175053,,,,SHI,erc20,"{'value': '0x2b738b0d290c667042a3', 'address': '0xad996a45fd2373ed0b10efa4a8ecb9de445a4302', 'decimal': '0x12'}",{'blockTimestamp': '2022-06-17T20:24:15.000Z'}
466,0xe497fb,0xfe286bb01325dba84a392cbefcd75e8fdc3a821da4c468085178c0de0857b5ef:log:243,0xfe286bb01325dba84a392cbefcd75e8fdc3a821da4c468085178c0de0857b5ef,0x74de5d4fcbf63e00296fd95d33236b9794016631,0xf4efa119b67af251449ced01f1ea3f1c59a59c44,399999.99999999994,,,,SHI,erc20,"{'value': '0x54b40b1f852bda000000', 'address': '0xad996a45fd2373ed0b10efa4a8ecb9de445a4302', 'decimal': '0x12'}",{'blockTimestamp': '2022-06-17T20:23:56.000Z'}
467,0xe497fb,0xfe286bb01325dba84a392cbefcd75e8fdc3a821da4c468085178c0de0857b5ef:log:241,0xfe286bb01325dba84a392cbefcd75e8fdc3a821da4c468085178c0de0857b5ef,0x3119db39df2f46ef30a917cb2b5b57b62524be65,0x74de5d4fcbf63e00296fd95d33236b9794016631,399999.99999999994,,,,SHI,erc20,"{'value': '0x54b40b1f852bda000000', 'address': '0xad996a45fd2373ed0b10efa4a8ecb9de445a4302', 'decimal': '0x12'}",{'blockTimestamp': '2022-06-17T20:23:56.000Z'}
468,0xe49400,0x605b91bab3256e4aa71115f2774fa5c50b1b7854335f659d657220ba9b1dc9d7:log:161,0x605b91bab3256e4aa71115f2774fa5c50b1b7854335f659d657220ba9b1dc9d7,0xd54e4f8a55247487dd7c8c59f14ee5c0c2889477,0x0000000000000000000000000000000000000000,122497.17952407576,,,,SHI,erc20,"{'value': '0x19f095dd4f462e248865', 'address': '0xad996a45fd2373ed0b10efa4a8ecb9de445a4302', 'decimal': '0x12'}",{'blockTimestamp': '2022-06-17T16:13:30.000Z'}
469,0xe493fc,0x246e1558b8506b52df0a01c2b632bd90aaab30f5053c831c3686ba692967e8cd:log:63,0x246e1558b8506b52df0a01c2b632bd90aaab30f5053c831c3686ba692967e8cd,0xdef171fe48cf0115b1d80b88dc8eab59176fee57,0xd54e4f8a55247487dd7c8c59f14ee5c0c2889477,122497.17952407576,,,,SHI,erc20,"{'value': '0x19f095dd4f462e248865', 'address': '0xad996a45fd2373ed0b10efa4a8ecb9de445a4302', 'decimal': '0x12'}",{'blockTimestamp': '2022-06-17T16:13:04.000Z'}
470,0xe493fc,0x246e1558b8506b52df0a01c2b632bd90aaab30f5053c831c3686ba692967e8cd:log:60,0x246e1558b8506b52df0a01c2b632bd90aaab30f5053c831c3686ba692967e8cd,0xf4efa119b67af251449ced01f1ea3f1c59a59c44,0xdef171fe48cf0115b1d80b88dc8eab59176fee57,122497.17952407576,,,,SHI,erc20,"{'value': '0x19f095dd4f462e248865', 'address': '0xad996a45fd2373ed0b10efa4a8ecb9de445a4302', 'decimal': '0x12'}",{'blockTimestamp': '2022-06-17T16:13:04.000Z'}
471,0xe493e5,0x4ce9e3849b9370d18b1249e62e9c087762a93934ff5f7c19fa1777f7bd98a92e:log:94,0x4ce9e3849b9370d18b1249e62e9c087762a93934ff5f7c19fa1777f7bd98a92e,0x8cc1665ee965345e79b132adb124782bad8c78e0,0x0000000000000000000000000000000000000000,322372.99999999994,,,,SHI,erc20,"{'value': '0x4443e016c6a4e9f40000', 'address': '0xad996a45fd2373ed0b10efa4a8ecb9de445a4302', 'decimal': '0x12'}",{'blockTimestamp': '2022-06-17T16:06:58.000Z'}
472,0xe493df,0x88220db9d87bcfc04ac9965aa28e47975088736d437a644a50de9c4e4b5d2a45:log:28,0x88220db9d87bcfc04ac9965aa28e47975088736d437a644a50de9c4e4b5d2a45,0xf4efa119b67af251449ced01f1ea3f1c59a59c44,0x8cc1665ee965345e79b132adb124782bad8c78e0,322373.30129667476,,,,SHI,erc20,"{'value': '0x4443e445325fa06f43a3', 'address': '0xad996a45fd2373ed0b10efa4a8ecb9de445a4302', 'decimal': '0x12'}",{'blockTimestamp': '2022-06-17T16:05:50.000Z'}
473,0xe493dc,0x0f3829c4e3b647e9240271d280e1e363911091f0aacf4cdbe979cf822c78200b:log:97,0x0f3829c4e3b647e9240271d280e1e363911091f0aacf4cdbe979cf822c78200b,0x74de5d4fcbf63e00296fd95d33236b9794016631,0xf4efa119b67af251449ced01f1ea3f1c59a59c44,600000.0,,,,SHI,erc20,"{'value': '0x7f0e10af47c1c7000000', 'address': '0xad996a45fd2373ed0b10efa4a8ecb9de445a4302', 'decimal': '0x12'}",{'blockTimestamp': '2022-06-17T16:05:24.000Z'}
474,0xe493dc,0x0f3829c4e3b647e9240271d280e1e363911091f0aacf4cdbe979cf822c78200b:log:95,0x0f3829c4e3b647e9240271d280e1e363911091f0aacf4cdbe979cf822c78200b,0x3119db39df2f46ef30a917cb2b5b57b62524be65,0x74de5d4fcbf63e00296fd95d33236b9794016631,600000.0,,,,SHI,erc20,"{'value': '0x7f0e10af47c1c7000000', 'address': '0xad996a45fd2373ed0b10efa4a8ecb9de445a4302', 'decimal': '0x12'}",{'blockTimestamp': '2022-06-17T16:05:24.000Z'}
475,0xe4931f,0x77fec0450f51192a738dfd3917dcb3c5a90a7e23a612c649a2e1134cc29930f7:log:143,0x77fec0450f51192a738dfd3917dcb3c5a90a7e23a612c649a2e1134cc29930f7,0x1753d3e254db740793dfb671d4a2bf66e0578161,0xae9daa2d8a9348765887207a1adc92e3bbc73d87,54000.00000000001,,,,SHI,erc20,"{'value': '0x0b6f588aa7bcf5c00000', 'address': '0xad996a45fd2373ed0b10efa4a8ecb9de445a4302', 'decimal': '0x12'}",{'blockTimestamp': '2022-06-17T15:16:17.000Z'}
476,0xe492ee,0xeb4ed615d09c4625ee4671b31f8463dcd8f9491e390ce6f97476214ecf257004:log:209,0xeb4ed615d09c4625ee4671b31f8463dcd8f9491e390ce6f97476214ecf257004,0xf4efa119b67af251449ced01f1ea3f1c59a59c44,0x1753d3e254db740793dfb671d4a2bf66e0578161,53634.00000000001,,,,SHI,erc20,"{'value': '0x0b5b814572e3a4c80000', 'address': '0xad996a45fd2373ed0b10efa4a8ecb9de445a4302', 'decimal': '0x12'}",{'blockTimestamp': '2022-06-17T15:03:52.000Z'}
477,0xe49275,0xc1917139ee337728608a4381c5242974224fda788cdb753735879e7a5b627fd2:log:431,0xc1917139ee337728608a4381c5242974224fda788cdb753735879e7a5b627fd2,0x220bda5c8994804ac96ebe4df184d25e5c2196d4,0xf4efa119b67af251449ced01f1ea3f1c59a59c44,300000.0,,,,SHI,erc20,"{'value': '0x3f870857a3e0e3800000', 'address': '0xad996a45fd2373ed0b10efa4a8ecb9de445a4302', 'decimal': '0x12'}",{'blockTimestamp': '2022-06-17T14:35:23.000Z'}
478,0xe49275,0xc1917139ee337728608a4381c5242974224fda788cdb753735879e7a5b627fd2:log:429,0xc1917139ee337728608a4381c5242974224fda788cdb753735879e7a5b627fd2,0x74de5d4fcbf63e00296fd95d33236b9794016631,0x220bda5c8994804ac96ebe4df184d25e5c2196d4,300000.0,,,,SHI,erc20,"{'value': '0x3f870857a3e0e3800000', 'address': '0xad996a45fd2373ed0b10efa4a8ecb9de445a4302', 'decimal': '0x12'}",{'blockTimestamp': '2022-06-17T14:35:23.000Z'}
479,0xe49275,0xc1917139ee337728608a4381c5242974224fda788cdb753735879e7a5b627fd2:log:428,0xc1917139ee337728608a4381c5242974224fda788cdb753735879e7a5b627fd2,0x3119db39df2f46ef30a917cb2b5b57b62524be65,0x74de5d4fcbf63e00296fd95d33236b9794016631,300000.0,,,,SHI,erc20,"{'value': '0x3f870857a3e0e3800000', 'address': '0xad996a45fd2373ed0b10efa4a8ecb9de445a4302', 'decimal': '0x12'}",{'blockTimestamp': '2022-06-17T14:35:23.000Z'}
480,0xe48f16,0x7e021817e573d7790e5ac692b5d2e407b791bb009f2eaa7bfac66296957ff0f0:log:55,0x7e021817e573d7790e5ac692b5d2e407b791bb009f2eaa7bfac66296957ff0f0,0xdef171fe48cf0115b1d80b88dc8eab59176fee57,0xf4efa119b67af251449ced01f1ea3f1c59a59c44,101278.18784615687,,,,SHI,erc20,"{'value': '0x15724d33533e383a5b62', 'address': '0xad996a45fd2373ed0b10efa4a8ecb9de445a4302', 'decimal': '0x12'}",{'blockTimestamp': '2022-06-17T11:05:44.000Z'}
481,0xe48f16,0x7e021817e573d7790e5ac692b5d2e407b791bb009f2eaa7bfac66296957ff0f0:log:53,0x7e021817e573d7790e5ac692b5d2e407b791bb009f2eaa7bfac66296957ff0f0,0xd54e4f8a55247487dd7c8c59f14ee5c0c2889477,0xdef171fe48cf0115b1d80b88dc8eab59176fee57,101278.18784615687,,,,SHI,erc20,"{'value': '0x15724d33533e383a5b62', 'address': '0xad996a45fd2373ed0b10efa4a8ecb9de445a4302', 'decimal': '0x12'}",{'blockTimestamp': '2022-06-17T11:05:44.000Z'}
482,0xe48f11,0x71c7b8ab3a13d814ac62c143d76a0193a77174f27998107d704a5796264b45e6:log:246,0x71c7b8ab3a13d814ac62c143d76a0193a77174f27998107d704a5796264b45e6,0x0000000000000000000000000000000000000000,0xd54e4f8a55247487dd7c8c59f14ee5c0c2889477,101278.18784615687,,,,SHI,erc20,"{'value': '0x15724d33533e383a5b62', 'address': '0xad996a45fd2373ed0b10efa4a8ecb9de445a4302', 'decimal': '0x12'}",{'blockTimestamp': '2022-06-17T11:03:11.000Z'}
483,0xe48d63,0xe2b9f6a3f9aac6d522979a89ca2ffeccb4bc4725435c1b7ecf5e73dfd1b1d908:log:30,0xe2b9f6a3f9aac6d522979a89ca2ffeccb4bc4725435c1b7ecf5e73dfd1b1d908,0x1753d3e254db740793dfb671d4a2bf66e0578161,0xae9daa2d8a9348765887207a1adc92e3bbc73d87,49999.99999999999,,,,SHI,erc20,"{'value': '0x0a968163f0a57b400000', 'address': '0xad996a45fd2373ed0b10efa4a8ecb9de445a4302', 'decimal': '0x12'}",{'blockTimestamp': '2022-06-17T09:22:57.000Z'}
484,0xe48d53,0x4c8488aeb1b9ff6282576b73d0bdbdc6f7f60ec0e1426b526ced8c7892dc0323:log:322,0x4c8488aeb1b9ff6282576b73d0bdbdc6f7f60ec0e1426b526ced8c7892dc0323,0xf4efa119b67af251449ced01f1ea3f1c59a59c44,0x1753d3e254db740793dfb671d4a2bf66e0578161,49999.99999999999,,,,SHI,erc20,"{'value': '0x0a968163f0a57b400000', 'address': '0xad996a45fd2373ed0b10efa4a8ecb9de445a4302', 'decimal': '0x12'}",{'blockTimestamp': '2022-06-17T09:20:32.000Z'}
485,0xe48c80,0x9c55b9ed6cea5e25d8738178cfad67370eb8c41029e5bf89534338ee8f54ab5a:log:72,0x9c55b9ed6cea5e25d8738178cfad67370eb8c41029e5bf89534338ee8f54ab5a,0x0000000000000000000000000000000000000000,0x3778e1d4fb39be2b5d61a34154ca359a947f8789,989338.98,,,,SHI,erc20,"{'value': '0xd1802c6f376eda0a0000', 'address': '0xad996a45fd2373ed0b10efa4a8ecb9de445a4302', 'decimal': '0x12'}",{'blockTimestamp': '2022-06-17T08:27:17.000Z'}
486,0xe482fe,0x54df52fcfbcfcb4ecbdbc2c27c08290ffe56b7fe0a44c5d93f97c728cffb8442:log:83,0x54df52fcfbcfcb4ecbdbc2c27c08290ffe56b7fe0a44c5d93f97c728cffb8442,0xd54e4f8a55247487dd7c8c59f14ee5c0c2889477,0x0000000000000000000000000000000000000000,101458.38698405056,,,,SHI,erc20,"{'value': '0x157c11f7446be2289db5', 'address': '0xad996a45fd2373ed0b10efa4a8ecb9de445a4302', 'decimal': '0x12'}",{'blockTimestamp': '2022-06-16T22:23:09.000Z'}
487,0xe482fa,0x0c5ece0935fb28b208c2184a437a3e1882b8fb8508c2ee996c317ee225dd1816:log:99,0x0c5ece0935fb28b208c2184a437a3e1882b8fb8508c2ee996c317ee225dd1816,0xdef171fe48cf0115b1d80b88dc8eab59176fee57,0xd54e4f8a55247487dd7c8c59f14ee5c0c2889477,101458.38698405056,,,,SHI,erc20,"{'value': '0x157c11f7446be2289db5', 'address': '0xad996a45fd2373ed0b10efa4a8ecb9de445a4302', 'decimal': '0x12'}",{'blockTimestamp': '2022-06-16T22:22:20.000Z'}
488,0xe482fa,0x0c5ece0935fb28b208c2184a437a3e1882b8fb8508c2ee996c317ee225dd1816:log:96,0x0c5ece0935fb28b208c2184a437a3e1882b8fb8508c2ee996c317ee225dd1816,0xf4efa119b67af251449ced01f1ea3f1c59a59c44,0xdef171fe48cf0115b1d80b88dc8eab59176fee57,101458.38698405056,,,,SHI,erc20,"{'value': '0x157c11f7446be2289db5', 'address': '0xad996a45fd2373ed0b10efa4a8ecb9de445a4302', 'decimal': '0x12'}",{'blockTimestamp': '2022-06-16T22:22:20.000Z'}
489,0xe481fa,0x76781523b5677ee43ea169b09f12f30982d382e8702d9aeb4c329408116e5c88:log:81,0x76781523b5677ee43ea169b09f12f30982d382e8702d9aeb4c329408116e5c88,0x74de5d4fcbf63e00296fd95d33236b9794016631,0xf4efa119b67af251449ced01f1ea3f1c59a59c44,99999.99999999999,,,,SHI,erc20,"{'value': '0x152d02c7e14af6800000', 'address': '0xad996a45fd2373ed0b10efa4a8ecb9de445a4302', 'decimal': '0x12'}",{'blockTimestamp': '2022-06-16T21:18:52.000Z'}
490,0xe481fa,0x76781523b5677ee43ea169b09f12f30982d382e8702d9aeb4c329408116e5c88:log:79,0x76781523b5677ee43ea169b09f12f30982d382e8702d9aeb4c329408116e5c88,0x3119db39df2f46ef30a917cb2b5b57b62524be65,0x74de5d4fcbf63e00296fd95d33236b9794016631,99999.99999999999,,,,SHI,erc20,"{'value': '0x152d02c7e14af6800000', 'address': '0xad996a45fd2373ed0b10efa4a8ecb9de445a4302', 'decimal': '0x12'}",{'blockTimestamp': '2022-06-16T21:18:52.000Z'}
491,0xe481a8,0xda4f058f073b3d4c9f9bc7ecd0f372a5a6281ca895b0c397759e32c4701e1b4f:log:91,0xda4f058f073b3d4c9f9bc7ecd0f372a5a6281ca895b0c397759e32c4701e1b4f,0x74de5d4fcbf63e00296fd95d33236b9794016631,0xf4efa119b67af251449ced01f1ea3f1c59a59c44,10000.0,,,,SHI,erc20,"{'value': '0x021e19e0c9bab2400000', 'address': '0xad996a45fd2373ed0b10efa4a8ecb9de445a4302', 'decimal': '0x12'}",{'blockTimestamp': '2022-06-16T20:57:36.000Z'}
492,0xe481a8,0xda4f058f073b3d4c9f9bc7ecd0f372a5a6281ca895b0c397759e32c4701e1b4f:log:89,0xda4f058f073b3d4c9f9bc7ecd0f372a5a6281ca895b0c397759e32c4701e1b4f,0x3119db39df2f46ef30a917cb2b5b57b62524be65,0x74de5d4fcbf63e00296fd95d33236b9794016631,10000.0,,,,SHI,erc20,"{'value': '0x021e19e0c9bab2400000', 'address': '0xad996a45fd2373ed0b10efa4a8ecb9de445a4302', 'decimal': '0x12'}",{'blockTimestamp': '2022-06-16T20:57:36.000Z'}
493,0xe48198,0x16f3f3fbffd453afb44f78ccddb82dec3935b1690c1b2fbc3bcbffe8e1e9b65d:log:113,0x16f3f3fbffd453afb44f78ccddb82dec3935b1690c1b2fbc3bcbffe8e1e9b65d,0xd54e4f8a55247487dd7c8c59f14ee5c0c2889477,0x0000000000000000000000000000000000000000,121797.97035441149,,,,SHI,erc20,"{'value': '0x19caae6354088e874762', 'address': '0xad996a45fd2373ed0b10efa4a8ecb9de445a4302', 'decimal': '0x12'}",{'blockTimestamp': '2022-06-16T20:52:46.000Z'}
494,0xe4818e,0x6f0993905f2abf28b372c7219c66eea5f53a61f0cff990e86f8ccc8099a5a555:log:164,0x6f0993905f2abf28b372c7219c66eea5f53a61f0cff990e86f8ccc8099a5a555,0xdef171fe48cf0115b1d80b88dc8eab59176fee57,0xd54e4f8a55247487dd7c8c59f14ee5c0c2889477,121797.97035441149,,,,SHI,erc20,"{'value': '0x19caae6354088e874762', 'address': '0xad996a45fd2373ed0b10efa4a8ecb9de445a4302', 'decimal': '0x12'}",{'blockTimestamp': '2022-06-16T20:49:11.000Z'}
495,0xe4818e,0x6f0993905f2abf28b372c7219c66eea5f53a61f0cff990e86f8ccc8099a5a555:log:161,0x6f0993905f2abf28b372c7219c66eea5f53a61f0cff990e86f8ccc8099a5a555,0xf4efa119b67af251449ced01f1ea3f1c59a59c44,0xdef171fe48cf0115b1d80b88dc8eab59176fee57,121797.97035441149,,,,SHI,erc20,"{'value': '0x19caae6354088e874762', 'address': '0xad996a45fd2373ed0b10efa4a8ecb9de445a4302', 'decimal': '0x12'}",{'blockTimestamp': '2022-06-16T20:49:11.000Z'}
496,0xe4816f,0xd0a36d6fe8b1e7cee20ce82e34e5508d0882ea9faf9b59360162cca5c209ddba:log:251,0xd0a36d6fe8b1e7cee20ce82e34e5508d0882ea9faf9b59360162cca5c209ddba,0x74de5d4fcbf63e00296fd95d33236b9794016631,0xf4efa119b67af251449ced01f1ea3f1c59a59c44,99999.99999999999,,,,SHI,erc20,"{'value': '0x152d02c7e14af6800000', 'address': '0xad996a45fd2373ed0b10efa4a8ecb9de445a4302', 'decimal': '0x12'}",{'blockTimestamp': '2022-06-16T20:41:01.000Z'}
497,0xe4816f,0xd0a36d6fe8b1e7cee20ce82e34e5508d0882ea9faf9b59360162cca5c209ddba:log:249,0xd0a36d6fe8b1e7cee20ce82e34e5508d0882ea9faf9b59360162cca5c209ddba,0x3119db39df2f46ef30a917cb2b5b57b62524be65,0x74de5d4fcbf63e00296fd95d33236b9794016631,99999.99999999999,,,,SHI,erc20,"{'value': '0x152d02c7e14af6800000', 'address': '0xad996a45fd2373ed0b10efa4a8ecb9de445a4302', 'decimal': '0x12'}",{'blockTimestamp': '2022-06-16T20:41:01.000Z'}
498,0xe480ae,0x2dcc7a39a8afcdd7c436eb0ee7e54cee869aec88aaacc16678f8d2285aafdac3:log:319,0x2dcc7a39a8afcdd7c436eb0ee7e54cee869aec88aaacc16678f8d2285aafdac3,0x74de5d4fcbf63e00296fd95d33236b9794016631,0xf4efa119b67af251449ced01f1ea3f1c59a59c44,99999.99999999999,,,,SHI,erc20,"{'value': '0x152d02c7e14af6800000', 'address': '0xad996a45fd2373ed0b10efa4a8ecb9de445a4302', 'decimal': '0x12'}",{'blockTimestamp': '2022-06-16T19:51:41.000Z'}
499,0xe480ae,0x2dcc7a39a8afcdd7c436eb0ee7e54cee869aec88aaacc16678f8d2285aafdac3:log:317,0x2dcc7a39a8afcdd7c436eb0ee7e54cee869aec88aaacc16678f8d2285aafdac3,0x3119db39df2f46ef30a917cb2b5b57b62524be65,0x74de5d4fcbf63e00296fd95d33236b9794016631,99999.99999999999,,,,SHI,erc20,"{'value': '0x152d02c7e14af6800000', 'address': '0xad996a45fd2373ed0b10efa4a8ecb9de445a4302', 'decimal': '0x12'}",{'blockTimestamp': '2022-06-16T19:51:41.000Z'}
500,0xe48029,0xde5241ef4bcac110786361bcd30a471a94e285502b0c56d09ccd807e4677a26a:log:46,0xde5241ef4bcac110786361bcd30a471a94e285502b0c56d09ccd807e4677a26a,0xc825dd260adc29b078eb4135679f22adb381488c,0x0000000000000000000000000000000000000000,131840.3789959889,,,,SHI,erc20,"{'value': '0x1beb14cde09635aeb100', 'address': '0xad996a45fd2373ed0b10efa4a8ecb9de445a4302', 'decimal': '0x12'}",{'blockTimestamp': '2022-06-16T19:18:58.000Z'}
501,0xe48029,0x736f7ca73785cc9f696777def7ef9aa3681bae986f69094604f7b916992642be:log:43,0x736f7ca73785cc9f696777def7ef9aa3681bae986f69094604f7b916992642be,0xf4efa119b67af251449ced01f1ea3f1c59a59c44,0xc825dd260adc29b078eb4135679f22adb381488c,131972.35134733625,,,,SHI,erc20,"{'value': '0x1bf23c49daeaecb9d30d', 'address': '0xad996a45fd2373ed0b10efa4a8ecb9de445a4302', 'decimal': '0x12'}",{'blockTimestamp': '2022-06-16T19:18:58.000Z'}
502,0xe48024,0x6f84bf3e9262873fd32a193879debf4261d072040a9780081560279e823e870e:log:438,0x6f84bf3e9262873fd32a193879debf4261d072040a9780081560279e823e870e,0x74de5d4fcbf63e00296fd95d33236b9794016631,0xf4efa119b67af251449ced01f1ea3f1c59a59c44,99999.99999999999,,,,SHI,erc20,"{'value': '0x152d02c7e14af6800000', 'address': '0xad996a45fd2373ed0b10efa4a8ecb9de445a4302', 'decimal': '0x12'}",{'blockTimestamp': '2022-06-16T19:17:37.000Z'}
503,0xe48024,0x6f84bf3e9262873fd32a193879debf4261d072040a9780081560279e823e870e:log:436,0x6f84bf3e9262873fd32a193879debf4261d072040a9780081560279e823e870e,0x3119db39df2f46ef30a917cb2b5b57b62524be65,0x74de5d4fcbf63e00296fd95d33236b9794016631,99999.99999999999,,,,SHI,erc20,"{'value': '0x152d02c7e14af6800000', 'address': '0xad996a45fd2373ed0b10efa4a8ecb9de445a4302', 'decimal': '0x12'}",{'blockTimestamp': '2022-06-16T19:17:37.000Z'}
504,0xe47feb,0x9e33a98e7624aefbf0583efec628df41d366e2a13f73205021d15794c5f8199b:log:661,0x9e33a98e7624aefbf0583efec628df41d366e2a13f73205021d15794c5f8199b,0x74de5d4fcbf63e00296fd95d33236b9794016631,0xf4efa119b67af251449ced01f1ea3f1c59a59c44,99999.99999999999,,,,SHI,erc20,"{'value': '0x152d02c7e14af6800000', 'address': '0xad996a45fd2373ed0b10efa4a8ecb9de445a4302', 'decimal': '0x12'}",{'blockTimestamp': '2022-06-16T19:03:32.000Z'}
505,0xe47feb,0x9e33a98e7624aefbf0583efec628df41d366e2a13f73205021d15794c5f8199b:log:659,0x9e33a98e7624aefbf0583efec628df41d366e2a13f73205021d15794c5f8199b,0x3119db39df2f46ef30a917cb2b5b57b62524be65,0x74de5d4fcbf63e00296fd95d33236b9794016631,99999.99999999999,,,,SHI,erc20,"{'value': '0x152d02c7e14af6800000', 'address': '0xad996a45fd2373ed0b10efa4a8ecb9de445a4302', 'decimal': '0x12'}",{'blockTimestamp': '2022-06-16T19:03:32.000Z'}
506,0xe47fbb,0xaefb90df373f306c6055ecbc9bbcadac3f72f2688f1aa148f484f7662d1a2d7a:log:36,0xaefb90df373f306c6055ecbc9bbcadac3f72f2688f1aa148f484f7662d1a2d7a,0xd54e4f8a55247487dd7c8c59f14ee5c0c2889477,0x0000000000000000000000000000000000000000,118121.8038536653,,,,SHI,erc20,"{'value': '0x1903655450c5082bfc43', 'address': '0xad996a45fd2373ed0b10efa4a8ecb9de445a4302', 'decimal': '0x12'}",{'blockTimestamp': '2022-06-16T18:52:29.000Z'}
507,0xe47fb7,0xd02e5764836cba15b204b5999ce3ff273401afde528c56abe8834644e4287765:log:58,0xd02e5764836cba15b204b5999ce3ff273401afde528c56abe8834644e4287765,0xdef171fe48cf0115b1d80b88dc8eab59176fee57,0xd54e4f8a55247487dd7c8c59f14ee5c0c2889477,118121.8038536653,,,,SHI,erc20,"{'value': '0x1903655450c5082bfc43', 'address': '0xad996a45fd2373ed0b10efa4a8ecb9de445a4302', 'decimal': '0x12'}",{'blockTimestamp': '2022-06-16T18:51:35.000Z'}
508,0xe47fb7,0xd02e5764836cba15b204b5999ce3ff273401afde528c56abe8834644e4287765:log:55,0xd02e5764836cba15b204b5999ce3ff273401afde528c56abe8834644e4287765,0xf4efa119b67af251449ced01f1ea3f1c59a59c44,0xdef171fe48cf0115b1d80b88dc8eab59176fee57,118121.8038536653,,,,SHI,erc20,"{'value': '0x1903655450c5082bfc43', 'address': '0xad996a45fd2373ed0b10efa4a8ecb9de445a4302', 'decimal': '0x12'}",{'blockTimestamp': '2022-06-16T18:51:35.000Z'}
509,0xe47fac,0x925abe5709a8daafc73b9d1134bf04c941e04d91a02ebfd899ca711228d052f2:log:243,0x925abe5709a8daafc73b9d1134bf04c941e04d91a02ebfd899ca711228d052f2,0x74de5d4fcbf63e00296fd95d33236b9794016631,0xf4efa119b67af251449ced01f1ea3f1c59a59c44,99999.99999999999,,,,SHI,erc20,"{'value': '0x152d02c7e14af6800000', 'address': '0xad996a45fd2373ed0b10efa4a8ecb9de445a4302', 'decimal': '0x12'}",{'blockTimestamp': '2022-06-16T18:49:31.000Z'}
510,0xe47fac,0x925abe5709a8daafc73b9d1134bf04c941e04d91a02ebfd899ca711228d052f2:log:241,0x925abe5709a8daafc73b9d1134bf04c941e04d91a02ebfd899ca711228d052f2,0x3119db39df2f46ef30a917cb2b5b57b62524be65,0x74de5d4fcbf63e00296fd95d33236b9794016631,99999.99999999999,,,,SHI,erc20,"{'value': '0x152d02c7e14af6800000', 'address': '0xad996a45fd2373ed0b10efa4a8ecb9de445a4302', 'decimal': '0x12'}",{'blockTimestamp': '2022-06-16T18:49:31.000Z'}
511,0xe47f58,0xa02103f1f555bbee7dce4d25514a48a56ffa6846b1cd109af3255a55e3ddaca1:log:314,0xa02103f1f555bbee7dce4d25514a48a56ffa6846b1cd109af3255a55e3ddaca1,0x74de5d4fcbf63e00296fd95d33236b9794016631,0xf4efa119b67af251449ced01f1ea3f1c59a59c44,99999.99999999999,,,,SHI,erc20,"{'value': '0x152d02c7e14af6800000', 'address': '0xad996a45fd2373ed0b10efa4a8ecb9de445a4302', 'decimal': '0x12'}",{'blockTimestamp': '2022-06-16T18:30:40.000Z'}
512,0xe47f58,0xa02103f1f555bbee7dce4d25514a48a56ffa6846b1cd109af3255a55e3ddaca1:log:312,0xa02103f1f555bbee7dce4d25514a48a56ffa6846b1cd109af3255a55e3ddaca1,0x3119db39df2f46ef30a917cb2b5b57b62524be65,0x74de5d4fcbf63e00296fd95d33236b9794016631,99999.99999999999,,,,SHI,erc20,"{'value': '0x152d02c7e14af6800000', 'address': '0xad996a45fd2373ed0b10efa4a8ecb9de445a4302', 'decimal': '0x12'}",{'blockTimestamp': '2022-06-16T18:30:40.000Z'}
513,0xe47f2f,0x52a75cc318a724457d45ce028032568e9391bb29b6a1685bfad37e4a86c80608:log:206,0x52a75cc318a724457d45ce028032568e9391bb29b6a1685bfad37e4a86c80608,0xd54e4f8a55247487dd7c8c59f14ee5c0c2889477,0x0000000000000000000000000000000000000000,116086.52483320633,,,,SHI,erc20,"{'value': '0x18951028b3085984a70f', 'address': '0xad996a45fd2373ed0b10efa4a8ecb9de445a4302', 'decimal': '0x12'}",{'blockTimestamp': '2022-06-16T18:20:50.000Z'}
514,0xe47f2b,0x4f4d057665f5a2243836cdc9d8f1293cd13b4a4c5cf771e73fc4cfec16b4bb6a:log:47,0x4f4d057665f5a2243836cdc9d8f1293cd13b4a4c5cf771e73fc4cfec16b4bb6a,0xdef171fe48cf0115b1d80b88dc8eab59176fee57,0xd54e4f8a55247487dd7c8c59f14ee5c0c2889477,116086.52483320633,,,,SHI,erc20,"{'value': '0x18951028b3085984a70f', 'address': '0xad996a45fd2373ed0b10efa4a8ecb9de445a4302', 'decimal': '0x12'}",{'blockTimestamp': '2022-06-16T18:20:00.000Z'}
515,0xe47f2b,0x4f4d057665f5a2243836cdc9d8f1293cd13b4a4c5cf771e73fc4cfec16b4bb6a:log:44,0x4f4d057665f5a2243836cdc9d8f1293cd13b4a4c5cf771e73fc4cfec16b4bb6a,0xf4efa119b67af251449ced01f1ea3f1c59a59c44,0xdef171fe48cf0115b1d80b88dc8eab59176fee57,116086.52483320633,,,,SHI,erc20,"{'value': '0x18951028b3085984a70f', 'address': '0xad996a45fd2373ed0b10efa4a8ecb9de445a4302', 'decimal': '0x12'}",{'blockTimestamp': '2022-06-16T18:20:00.000Z'}
516,0xe47f17,0xe39beb23f461b0f8e6fdc0727d563e2977547688d875959ec68773bc1658a813:log:366,0xe39beb23f461b0f8e6fdc0727d563e2977547688d875959ec68773bc1658a813,0x74de5d4fcbf63e00296fd95d33236b9794016631,0xf4efa119b67af251449ced01f1ea3f1c59a59c44,99999.99999999999,,,,SHI,erc20,"{'value': '0x152d02c7e14af6800000', 'address': '0xad996a45fd2373ed0b10efa4a8ecb9de445a4302', 'decimal': '0x12'}",{'blockTimestamp': '2022-06-16T18:15:37.000Z'}
517,0xe47f17,0xe39beb23f461b0f8e6fdc0727d563e2977547688d875959ec68773bc1658a813:log:364,0xe39beb23f461b0f8e6fdc0727d563e2977547688d875959ec68773bc1658a813,0x3119db39df2f46ef30a917cb2b5b57b62524be65,0x74de5d4fcbf63e00296fd95d33236b9794016631,99999.99999999999,,,,SHI,erc20,"{'value': '0x152d02c7e14af6800000', 'address': '0xad996a45fd2373ed0b10efa4a8ecb9de445a4302', 'decimal': '0x12'}",{'blockTimestamp': '2022-06-16T18:15:37.000Z'}
518,0xe47f02,0x45825c4f3eeeef44c16447350466fff4b082f054dc8d90627b09721363b43d75:log:220,0x45825c4f3eeeef44c16447350466fff4b082f054dc8d90627b09721363b43d75,0x74de5d4fcbf63e00296fd95d33236b9794016631,0xf4efa119b67af251449ced01f1ea3f1c59a59c44,99999.99999999999,,,,SHI,erc20,"{'value': '0x152d02c7e14af6800000', 'address': '0xad996a45fd2373ed0b10efa4a8ecb9de445a4302', 'decimal': '0x12'}",{'blockTimestamp': '2022-06-16T18:09:35.000Z'}
519,0xe47f02,0x45825c4f3eeeef44c16447350466fff4b082f054dc8d90627b09721363b43d75:log:218,0x45825c4f3eeeef44c16447350466fff4b082f054dc8d90627b09721363b43d75,0x3119db39df2f46ef30a917cb2b5b57b62524be65,0x74de5d4fcbf63e00296fd95d33236b9794016631,99999.99999999999,,,,SHI,erc20,"{'value': '0x152d02c7e14af6800000', 'address': '0xad996a45fd2373ed0b10efa4a8ecb9de445a4302', 'decimal': '0x12'}",{'blockTimestamp': '2022-06-16T18:09:35.000Z'}
520,0xe47e40,0xee8b4567343f5b3566f8f2c73b46c72837ddf161e22254320001d0bdd5274640:log:133,0xee8b4567343f5b3566f8f2c73b46c72837ddf161e22254320001d0bdd5274640,0x74de5d4fcbf63e00296fd95d33236b9794016631,0xf4efa119b67af251449ced01f1ea3f1c59a59c44,99999.99999999999,,,,SHI,erc20,"{'value': '0x152d02c7e14af6800000', 'address': '0xad996a45fd2373ed0b10efa4a8ecb9de445a4302', 'decimal': '0x12'}",{'blockTimestamp': '2022-06-16T17:18:50.000Z'}
521,0xe47e40,0xee8b4567343f5b3566f8f2c73b46c72837ddf161e22254320001d0bdd5274640:log:131,0xee8b4567343f5b3566f8f2c73b46c72837ddf161e22254320001d0bdd5274640,0x3119db39df2f46ef30a917cb2b5b57b62524be65,0x74de5d4fcbf63e00296fd95d33236b9794016631,99999.99999999999,,,,SHI,erc20,"{'value': '0x152d02c7e14af6800000', 'address': '0xad996a45fd2373ed0b10efa4a8ecb9de445a4302', 'decimal': '0x12'}",{'blockTimestamp': '2022-06-16T17:18:50.000Z'}
522,0xe47dbc,0xf0b0b37a0fcbd5f5f8a2bc9197f0b345ee05a8f263b495848a9324ee6d7119a9:log:112,0xf0b0b37a0fcbd5f5f8a2bc9197f0b345ee05a8f263b495848a9324ee6d7119a9,0xefd8cc5a8f8ba4fdd230c60c9505c83a1d432f47,0x3119db39df2f46ef30a917cb2b5b57b62524be65,2718136.203847803,,,,SHI,erc20,"{'value': '0x023f96757840c1c7a76db8', 'address': '0xad996a45fd2373ed0b10efa4a8ecb9de445a4302', 'decimal': '0x12'}",{'blockTimestamp': '2022-06-16T16:46:42.000Z'}
523,0xe47d9e,0xd6af19e83b58257f9f8b9c80bf8fdd32dd9cbd02e82d4f93cd7bfee27188ef78:log:252,0xd6af19e83b58257f9f8b9c80bf8fdd32dd9cbd02e82d4f93cd7bfee27188ef78,0x5427fefa711eff984124bfbb1ab6fbf5e3da1820,0xefd8cc5a8f8ba4fdd230c60c9505c83a1d432f47,2555735.5530388956,,,,SHI,erc20,"{'value': '0x021d32b3b2ad948a8ca27b', 'address': '0xad996a45fd2373ed0b10efa4a8ecb9de445a4302', 'decimal': '0x12'}",{'blockTimestamp': '2022-06-16T16:39:35.000Z'}
524,0xe47d31,0x23bdb772b6146c2a88523aca66cbe97caba01764923d0c68943e2d62f878c667:log:184,0x23bdb772b6146c2a88523aca66cbe97caba01764923d0c68943e2d62f878c667,0x74de5d4fcbf63e00296fd95d33236b9794016631,0xf4efa119b67af251449ced01f1ea3f1c59a59c44,40000.0,,,,SHI,erc20,"{'value': '0x0878678326eac9000000', 'address': '0xad996a45fd2373ed0b10efa4a8ecb9de445a4302', 'decimal': '0x12'}",{'blockTimestamp': '2022-06-16T16:12:56.000Z'}
525,0xe47d31,0x23bdb772b6146c2a88523aca66cbe97caba01764923d0c68943e2d62f878c667:log:182,0x23bdb772b6146c2a88523aca66cbe97caba01764923d0c68943e2d62f878c667,0xefd8cc5a8f8ba4fdd230c60c9505c83a1d432f47,0x74de5d4fcbf63e00296fd95d33236b9794016631,40000.0,,,,SHI,erc20,"{'value': '0x0878678326eac9000000', 'address': '0xad996a45fd2373ed0b10efa4a8ecb9de445a4302', 'decimal': '0x12'}",{'blockTimestamp': '2022-06-16T16:12:56.000Z'}
526,0xe47c13,0xc1fe8d0e1c5afc10f9a470e7adbbdbcf60a9fa6c08f4ca4c2151be68e50a3413:log:303,0xc1fe8d0e1c5afc10f9a470e7adbbdbcf60a9fa6c08f4ca4c2151be68e50a3413,0x74de5d4fcbf63e00296fd95d33236b9794016631,0xf4efa119b67af251449ced01f1ea3f1c59a59c44,40000.0,,,,SHI,erc20,"{'value': '0x0878678326eac9000000', 'address': '0xad996a45fd2373ed0b10efa4a8ecb9de445a4302', 'decimal': '0x12'}",{'blockTimestamp': '2022-06-16T15:08:06.000Z'}
527,0xe47c13,0xc1fe8d0e1c5afc10f9a470e7adbbdbcf60a9fa6c08f4ca4c2151be68e50a3413:log:301,0xc1fe8d0e1c5afc10f9a470e7adbbdbcf60a9fa6c08f4ca4c2151be68e50a3413,0xefd8cc5a8f8ba4fdd230c60c9505c83a1d432f47,0x74de5d4fcbf63e00296fd95d33236b9794016631,40000.0,,,,SHI,erc20,"{'value': '0x0878678326eac9000000', 'address': '0xad996a45fd2373ed0b10efa4a8ecb9de445a4302', 'decimal': '0x12'}",{'blockTimestamp': '2022-06-16T15:08:06.000Z'}
528,0xe47a0a,0xe91e297defc9f6a97386f60f47ac00badb00431ace14f74ef3fbeb70bf9effc7:log:129,0xe91e297defc9f6a97386f60f47ac00badb00431ace14f74ef3fbeb70bf9effc7,0x8594d8e9483473626908648a5539d9d65ca2fe8d,0xf4efa119b67af251449ced01f1ea3f1c59a59c44,137579.88805279532,,,,SHI,erc20,"{'value': '0x1d22387e3687a9ab1eed', 'address': '0xad996a45fd2373ed0b10efa4a8ecb9de445a4302', 'decimal': '0x12'}",{'blockTimestamp': '2022-06-16T13:05:13.000Z'}
529,0xe47a06,0x348940a6cebd52edb6534fa4604204277bd6be24235b18504474f3a2d295a69b:log:333,0x348940a6cebd52edb6534fa4604204277bd6be24235b18504474f3a2d295a69b,0x0000000000000000000000000000000000000000,0x8594d8e9483473626908648a5539d9d65ca2fe8d,137579.88805279532,,,,SHI,erc20,"{'value': '0x1d22387e3687a9ab1eed', 'address': '0xad996a45fd2373ed0b10efa4a8ecb9de445a4302', 'decimal': '0x12'}",{'blockTimestamp': '2022-06-16T13:03:27.000Z'}
530,0xe474d5,0x8642d16ef0855c84194db912d8cf0023a2dc59776bab34c8ef192f87168ab001:log:304,0x8642d16ef0855c84194db912d8cf0023a2dc59776bab34c8ef192f87168ab001,0x74de5d4fcbf63e00296fd95d33236b9794016631,0xf4efa119b67af251449ced01f1ea3f1c59a59c44,40000.0,,,,SHI,erc20,"{'value': '0x0878678326eac9000000', 'address': '0xad996a45fd2373ed0b10efa4a8ecb9de445a4302', 'decimal': '0x12'}",{'blockTimestamp': '2022-06-16T07:27:11.000Z'}
531,0xe474d5,0x8642d16ef0855c84194db912d8cf0023a2dc59776bab34c8ef192f87168ab001:log:302,0x8642d16ef0855c84194db912d8cf0023a2dc59776bab34c8ef192f87168ab001,0xefd8cc5a8f8ba4fdd230c60c9505c83a1d432f47,0x74de5d4fcbf63e00296fd95d33236b9794016631,40000.0,,,,SHI,erc20,"{'value': '0x0878678326eac9000000', 'address': '0xad996a45fd2373ed0b10efa4a8ecb9de445a4302', 'decimal': '0x12'}",{'blockTimestamp': '2022-06-16T07:27:11.000Z'}
532,0xe474ae,0xa3981f89a09ecb556addfa805b545afe84041add90476a06f7b4d44aa1094af0:log:121,0xa3981f89a09ecb556addfa805b545afe84041add90476a06f7b4d44aa1094af0,0xd7f66ae33fc413a7bff5e5f7fd5c59a228d08a2b,0xae9daa2d8a9348765887207a1adc92e3bbc73d87,84418.0,,,,SHI,erc20,"{'value': '0x11e04f1756445dc80000', 'address': '0xad996a45fd2373ed0b10efa4a8ecb9de445a4302', 'decimal': '0x12'}",{'blockTimestamp': '2022-06-16T07:15:59.000Z'}
533,0xe47376,0x32360991481d3b76a303268a7c91523517abe9e3f71ecd670c7f049694385263:log:472,0x32360991481d3b76a303268a7c91523517abe9e3f71ecd670c7f049694385263,0x0000000000000000000000000000000000000000,0xfc88dd7dd0e5c35601032df482529f4c167b4aee,5957.98,,,,SHI,erc20,"{'value': '0x0142fb950b44e1d60000', 'address': '0xad996a45fd2373ed0b10efa4a8ecb9de445a4302', 'decimal': '0x12'}",{'blockTimestamp': '2022-06-16T06:00:19.000Z'}
534,0xe468f4,0x725ccbc42042b12f5cbc09eb4bc9cd1afed1c5aea5d055613432765431d5b256:log:33,0x725ccbc42042b12f5cbc09eb4bc9cd1afed1c5aea5d055613432765431d5b256,0xc825dd260adc29b078eb4135679f22adb381488c,0xf4efa119b67af251449ced01f1ea3f1c59a59c44,117450.24333957376,,,,SHI,erc20,"{'value': '0x18defd8e174892c8e1c4', 'address': '0xad996a45fd2373ed0b10efa4a8ecb9de445a4302', 'decimal': '0x12'}",{'blockTimestamp': '2022-06-15T18:58:29.000Z'}
535,0xe468dd,0x42e59cd6a2988c54a6538ab0225f115ee27f8e8af49ddd0d9573ab799f64df9d:log:168,0x42e59cd6a2988c54a6538ab0225f115ee27f8e8af49ddd0d9573ab799f64df9d,0x0000000000000000000000000000000000000000,0xc825dd260adc29b078eb4135679f22adb381488c,117354.29842157567,,,,SHI,erc20,"{'value': '0x18d9ca0d44b3c3200000', 'address': '0xad996a45fd2373ed0b10efa4a8ecb9de445a4302', 'decimal': '0x12'}",{'blockTimestamp': '2022-06-15T18:53:21.000Z'}
536,0xe4665c,0x69397abfc95d0e8e4e1199a9881648a159ed11f5f06edff708e48ac13a40d72e:log:63,0x69397abfc95d0e8e4e1199a9881648a159ed11f5f06edff708e48ac13a40d72e,0x33ed8075ff16403b52aa4dc1a372830f7f1a14d9,0xf4efa119b67af251449ced01f1ea3f1c59a59c44,110727.28365534049,,,,SHI,erc20,"{'value': '0x177289bf423d86091e57', 'address': '0xad996a45fd2373ed0b10efa4a8ecb9de445a4302', 'decimal': '0x12'}",{'blockTimestamp': '2022-06-15T16:16:28.000Z'}
537,0xe46650,0xd37c192a1724ba8405eb587a4e8da0eb5ad26fba58edf45a401e3b22c427de65:log:311,0xd37c192a1724ba8405eb587a4e8da0eb5ad26fba58edf45a401e3b22c427de65,0x0000000000000000000000000000000000000000,0x33ed8075ff16403b52aa4dc1a372830f7f1a14d9,110727.28365534049,,,,SHI,erc20,"{'value': '0x177289bf423d86091e57', 'address': '0xad996a45fd2373ed0b10efa4a8ecb9de445a4302', 'decimal': '0x12'}",{'blockTimestamp': '2022-06-15T16:14:11.000Z'}
538,0xe4649d,0xc92972f74081cca05d7170de9dc94920bdf52def6d6f918cc2359e68eb411640:log:156,0xc92972f74081cca05d7170de9dc94920bdf52def6d6f918cc2359e68eb411640,0x74de5d4fcbf63e00296fd95d33236b9794016631,0xf4efa119b67af251449ced01f1ea3f1c59a59c44,24999.999999999996,,,,SHI,erc20,"{'value': '0x054b40b1f852bda00000', 'address': '0xad996a45fd2373ed0b10efa4a8ecb9de445a4302', 'decimal': '0x12'}",{'blockTimestamp': '2022-06-15T14:28:37.000Z'}
539,0xe4649d,0xc92972f74081cca05d7170de9dc94920bdf52def6d6f918cc2359e68eb411640:log:154,0xc92972f74081cca05d7170de9dc94920bdf52def6d6f918cc2359e68eb411640,0xe8b661e4d33a5ec7e0f9c217ccc792e21584b3c0,0x74de5d4fcbf63e00296fd95d33236b9794016631,24999.999999999996,,,,SHI,erc20,"{'value': '0x054b40b1f852bda00000', 'address': '0xad996a45fd2373ed0b10efa4a8ecb9de445a4302', 'decimal': '0x12'}",{'blockTimestamp': '2022-06-15T14:28:37.000Z'}
540,0xe45f20,0xcf7da4b1094d5fb8d97d44c67ec66effa853b05f80ceb8623d75b13b3f7eb350:log:262,0xcf7da4b1094d5fb8d97d44c67ec66effa853b05f80ceb8623d75b13b3f7eb350,0x74de5d4fcbf63e00296fd95d33236b9794016631,0xf4efa119b67af251449ced01f1ea3f1c59a59c44,40000.0,,,,SHI,erc20,"{'value': '0x0878678326eac9000000', 'address': '0xad996a45fd2373ed0b10efa4a8ecb9de445a4302', 'decimal': '0x12'}",{'blockTimestamp': '2022-06-15T08:30:44.000Z'}
541,0xe45f20,0xcf7da4b1094d5fb8d97d44c67ec66effa853b05f80ceb8623d75b13b3f7eb350:log:260,0xcf7da4b1094d5fb8d97d44c67ec66effa853b05f80ceb8623d75b13b3f7eb350,0xefd8cc5a8f8ba4fdd230c60c9505c83a1d432f47,0x74de5d4fcbf63e00296fd95d33236b9794016631,40000.0,,,,SHI,erc20,"{'value': '0x0878678326eac9000000', 'address': '0xad996a45fd2373ed0b10efa4a8ecb9de445a4302', 'decimal': '0x12'}",{'blockTimestamp': '2022-06-15T08:30:44.000Z'}
542,0xe4592d,0x325914b7a2d69c29980bb3c047d60aa522143bb44310c7c07d37a2807cd24545:log:326,0x325914b7a2d69c29980bb3c047d60aa522143bb44310c7c07d37a2807cd24545,0xf4efa119b67af251449ced01f1ea3f1c59a59c44,0x70aade6ae0c73fa61ca3a6c276f60c235901065f,3249.489226400525,,,,SHI,erc20,"{'value': '0xb027b8d2e1262a06d7', 'address': '0xad996a45fd2373ed0b10efa4a8ecb9de445a4302', 'decimal': '0x12'}",{'blockTimestamp': '2022-06-15T02:02:45.000Z'}
543,0xe45360,0x02dbe0e01ccce8b11116803e2c65208925df7c80c20ef556356c3e1f76fdc0f6:log:235,0x02dbe0e01ccce8b11116803e2c65208925df7c80c20ef556356c3e1f76fdc0f6,0xf4efa119b67af251449ced01f1ea3f1c59a59c44,0x877df30bc8b5f077ecefced2f490a45091366173,6506.318193930558,,,,SHI,erc20,"{'value': '0x0160b54da56dbc033682', 'address': '0xad996a45fd2373ed0b10efa4a8ecb9de445a4302', 'decimal': '0x12'}",{'blockTimestamp': '2022-06-14T19:58:34.000Z'}
544,0xe449e3,0x39e5836e5a720766eb178df54b35c0a6bc823470594a2b23cfec93f61795d6e7:log:91,0x39e5836e5a720766eb178df54b35c0a6bc823470594a2b23cfec93f61795d6e7,0x74de5d4fcbf63e00296fd95d33236b9794016631,0xf4efa119b67af251449ced01f1ea3f1c59a59c44,40000.0,,,,SHI,erc20,"{'value': '0x0878678326eac9000000', 'address': '0xad996a45fd2373ed0b10efa4a8ecb9de445a4302', 'decimal': '0x12'}",{'blockTimestamp': '2022-06-14T09:53:16.000Z'}
545,0xe449e3,0x39e5836e5a720766eb178df54b35c0a6bc823470594a2b23cfec93f61795d6e7:log:89,0x39e5836e5a720766eb178df54b35c0a6bc823470594a2b23cfec93f61795d6e7,0xefd8cc5a8f8ba4fdd230c60c9505c83a1d432f47,0x74de5d4fcbf63e00296fd95d33236b9794016631,40000.0,,,,SHI,erc20,"{'value': '0x0878678326eac9000000', 'address': '0xad996a45fd2373ed0b10efa4a8ecb9de445a4302', 'decimal': '0x12'}",{'blockTimestamp': '2022-06-14T09:53:16.000Z'}
546,0xe445f5,0xda3fbc6fa9ab85f38fa919817c629398693085c7214a443cdca936b576280197:log:65,0xda3fbc6fa9ab85f38fa919817c629398693085c7214a443cdca936b576280197,0x8594d8e9483473626908648a5539d9d65ca2fe8d,0x0000000000000000000000000000000000000000,122685.9155012941,,,,SHI,erc20,"{'value': '0x19fad11a329690a98ea1', 'address': '0xad996a45fd2373ed0b10efa4a8ecb9de445a4302', 'decimal': '0x12'}",{'blockTimestamp': '2022-06-14T05:34:30.000Z'}
547,0xe445f2,0x8b318a6ab74e7c7436bf61c2438e893bb25bb5df8c42035618404675df5a17b5:log:64,0x8b318a6ab74e7c7436bf61c2438e893bb25bb5df8c42035618404675df5a17b5,0xf4efa119b67af251449ced01f1ea3f1c59a59c44,0x8594d8e9483473626908648a5539d9d65ca2fe8d,122685.9155012941,,,,SHI,erc20,"{'value': '0x19fad11a329690a98ea1', 'address': '0xad996a45fd2373ed0b10efa4a8ecb9de445a4302', 'decimal': '0x12'}",{'blockTimestamp': '2022-06-14T05:34:09.000Z'}
548,0xe43479,0x68b141f888b76c76dec2aeee06a7907b50f1bb77ccd7177c77bb34cd3ebf4137:log:27,0x68b141f888b76c76dec2aeee06a7907b50f1bb77ccd7177c77bb34cd3ebf4137,0xc825dd260adc29b078eb4135679f22adb381488c,0x0000000000000000000000000000000000000000,95848.9730800822,,,,SHI,erc20,"{'value': '0x144bfbb5c2b5f629f600', 'address': '0xad996a45fd2373ed0b10efa4a8ecb9de445a4302', 'decimal': '0x12'}",{'blockTimestamp': '2022-06-13T11:00:07.000Z'}
549,0xe43479,0xce98e451e2e37c50a50301f49c0e356f50adc99fc7d6f51fedcabc16fd8bddc1:log:24,0xce98e451e2e37c50a50301f49c0e356f50adc99fc7d6f51fedcabc16fd8bddc1,0xf4efa119b67af251449ced01f1ea3f1c59a59c44,0xc825dd260adc29b078eb4135679f22adb381488c,95944.91799808029,,,,SHI,erc20,"{'value': '0x14512f36954ac5d2d7c4', 'address': '0xad996a45fd2373ed0b10efa4a8ecb9de445a4302', 'decimal': '0x12'}",{'blockTimestamp': '2022-06-13T11:00:07.000Z'}
550,0xe4326b,0xa88d745ff3226ad36947ab10fabf020c27e0b070ec2e78db5d292eabb203ec4e:log:418,0xa88d745ff3226ad36947ab10fabf020c27e0b070ec2e78db5d292eabb203ec4e,0x74de5d4fcbf63e00296fd95d33236b9794016631,0xf4efa119b67af251449ced01f1ea3f1c59a59c44,49999.99999999999,,,,SHI,erc20,"{'value': '0x0a968163f0a57b400000', 'address': '0xad996a45fd2373ed0b10efa4a8ecb9de445a4302', 'decimal': '0x12'}",{'blockTimestamp': '2022-06-13T08:54:28.000Z'}
551,0xe4326b,0xa88d745ff3226ad36947ab10fabf020c27e0b070ec2e78db5d292eabb203ec4e:log:416,0xa88d745ff3226ad36947ab10fabf020c27e0b070ec2e78db5d292eabb203ec4e,0xefd8cc5a8f8ba4fdd230c60c9505c83a1d432f47,0x74de5d4fcbf63e00296fd95d33236b9794016631,49999.99999999999,,,,SHI,erc20,"{'value': '0x0a968163f0a57b400000', 'address': '0xad996a45fd2373ed0b10efa4a8ecb9de445a4302', 'decimal': '0x12'}",{'blockTimestamp': '2022-06-13T08:54:28.000Z'}
552,0xe42d6c,0x0fc28b305087716547fa8da2fd51f5ea19d09873bf30c0c965f4e2176f7c36cf:log:221,0x0fc28b305087716547fa8da2fd51f5ea19d09873bf30c0c965f4e2176f7c36cf,0xe8b661e4d33a5ec7e0f9c217ccc792e21584b3c0,0xf4efa119b67af251449ced01f1ea3f1c59a59c44,49999.99999999999,,,,SHI,erc20,"{'value': '0x0a968163f0a57b400000', 'address': '0xad996a45fd2373ed0b10efa4a8ecb9de445a4302', 'decimal': '0x12'}",{'blockTimestamp': '2022-06-13T03:36:32.000Z'}
553,0xe425e1,0x87b9aeb7e3fd11d4fa6835856d9d37006d5f339a6149fd6e9f983e4c3fa8a5bb:log:358,0x87b9aeb7e3fd11d4fa6835856d9d37006d5f339a6149fd6e9f983e4c3fa8a5bb,0xece3c248801a384ad9e670c7b438953db82e866e,0xb2bf0b81d2efbbe9f86605a1833149219b63b4c7,41600.0,,,,SHI,erc20,"{'value': '0x08cf23f909c0fa000000', 'address': '0xad996a45fd2373ed0b10efa4a8ecb9de445a4302', 'decimal': '0x12'}",{'blockTimestamp': '2022-06-12T19:30:31.000Z'}
554,0xe41ad1,0xbce6d0c9c19da20db5add38ad25ca92db3faf8b02a57b97c8cce2f188c569dbd:log:541,0xbce6d0c9c19da20db5add38ad25ca92db3faf8b02a57b97c8cce2f188c569dbd,0xf4efa119b67af251449ced01f1ea3f1c59a59c44,0x70aade6ae0c73fa61ca3a6c276f60c235901065f,10765.265676986677,,,,SHI,erc20,"{'value': '0x02479612a065b7f0b29f', 'address': '0xad996a45fd2373ed0b10efa4a8ecb9de445a4302', 'decimal': '0x12'}",{'blockTimestamp': '2022-06-12T08:06:43.000Z'}
555,0xe41a33,0x86af2b8839ded6310760fdbad404198b2d262cf3883c57ae0ef9169c59cee6ab:log:101,0x86af2b8839ded6310760fdbad404198b2d262cf3883c57ae0ef9169c59cee6ab,0x623c72cb71dd583de01ada0ae48f01423bb904fd,0xae9daa2d8a9348765887207a1adc92e3bbc73d87,15000.0,,,,SHI,erc20,"{'value': '0x032d26d12e980b600000', 'address': '0xad996a45fd2373ed0b10efa4a8ecb9de445a4302', 'decimal': '0x12'}",{'blockTimestamp': '2022-06-12T07:19:38.000Z'}
556,0xe419e5,0x14fd788da89f968de53f796d158fe1579d5efb27f79da11feac795d97a3cd03b:log:167,0x14fd788da89f968de53f796d158fe1579d5efb27f79da11feac795d97a3cd03b,0xdef171fe48cf0115b1d80b88dc8eab59176fee57,0xf4efa119b67af251449ced01f1ea3f1c59a59c44,124623.03807752296,,,,SHI,erc20,"{'value': '0x1a63d414125a6003a122', 'address': '0xad996a45fd2373ed0b10efa4a8ecb9de445a4302', 'decimal': '0x12'}",{'blockTimestamp': '2022-06-12T07:02:21.000Z'}
557,0xe419e5,0x14fd788da89f968de53f796d158fe1579d5efb27f79da11feac795d97a3cd03b:log:165,0x14fd788da89f968de53f796d158fe1579d5efb27f79da11feac795d97a3cd03b,0x8594d8e9483473626908648a5539d9d65ca2fe8d,0xdef171fe48cf0115b1d80b88dc8eab59176fee57,124623.03807752296,,,,SHI,erc20,"{'value': '0x1a63d414125a6003a122', 'address': '0xad996a45fd2373ed0b10efa4a8ecb9de445a4302', 'decimal': '0x12'}",{'blockTimestamp': '2022-06-12T07:02:21.000Z'}
558,0xe419e4,0x87581471f6ef828f33252685cde83089963744e77cca4875a2fa05b0017eb4be:log:564,0x87581471f6ef828f33252685cde83089963744e77cca4875a2fa05b0017eb4be,0x0000000000000000000000000000000000000000,0x8594d8e9483473626908648a5539d9d65ca2fe8d,124623.03807752296,,,,SHI,erc20,"{'value': '0x1a63d414125a6003a122', 'address': '0xad996a45fd2373ed0b10efa4a8ecb9de445a4302', 'decimal': '0x12'}",{'blockTimestamp': '2022-06-12T07:01:32.000Z'}
559,0xe419b3,0x8a6f15859f5b13bdd37c145b04941251e92567d7af5b212f8bfe0bf6d4e1e9e1:log:468,0x8a6f15859f5b13bdd37c145b04941251e92567d7af5b212f8bfe0bf6d4e1e9e1,0xdef171fe48cf0115b1d80b88dc8eab59176fee57,0xf4efa119b67af251449ced01f1ea3f1c59a59c44,106196.63120094598,,,,SHI,erc20,"{'value': '0x167cee504f64ddcee99b', 'address': '0xad996a45fd2373ed0b10efa4a8ecb9de445a4302', 'decimal': '0x12'}",{'blockTimestamp': '2022-06-12T06:45:08.000Z'}
560,0xe419b3,0x8a6f15859f5b13bdd37c145b04941251e92567d7af5b212f8bfe0bf6d4e1e9e1:log:466,0x8a6f15859f5b13bdd37c145b04941251e92567d7af5b212f8bfe0bf6d4e1e9e1,0x8594d8e9483473626908648a5539d9d65ca2fe8d,0xdef171fe48cf0115b1d80b88dc8eab59176fee57,106196.63120094598,,,,SHI,erc20,"{'value': '0x167cee504f64ddcee99b', 'address': '0xad996a45fd2373ed0b10efa4a8ecb9de445a4302', 'decimal': '0x12'}",{'blockTimestamp': '2022-06-12T06:45:08.000Z'}
561,0xe419b0,0xc8596f9d6508b2b85e052c8a607c77fcf47ad8094c19131803dced31df4b7a85:log:245,0xc8596f9d6508b2b85e052c8a607c77fcf47ad8094c19131803dced31df4b7a85,0x0000000000000000000000000000000000000000,0x8594d8e9483473626908648a5539d9d65ca2fe8d,106196.63120094598,,,,SHI,erc20,"{'value': '0x167cee504f64ddcee99b', 'address': '0xad996a45fd2373ed0b10efa4a8ecb9de445a4302', 'decimal': '0x12'}",{'blockTimestamp': '2022-06-12T06:44:34.000Z'}
562,0xe41973,0x57e1a08f4d28035783496cdc068b6b10d74d7ad4a28328b2e3cbc23539d46fb4:log:137,0x57e1a08f4d28035783496cdc068b6b10d74d7ad4a28328b2e3cbc23539d46fb4,0x81153f0889ab398c4acb42cb58b565a5392bba95,0xf4efa119b67af251449ced01f1ea3f1c59a59c44,13274.270999999999,,,,SHI,erc20,"{'value': '0x02cf99842865e5498000', 'address': '0xad996a45fd2373ed0b10efa4a8ecb9de445a4302', 'decimal': '0x12'}",{'blockTimestamp': '2022-06-12T06:28:20.000Z'}
563,0xe41973,0xa4cdcc6da93815793a5622065a4bfed5052bbaf2941c1da270a5f1a3a82ed514:log:134,0xa4cdcc6da93815793a5622065a4bfed5052bbaf2941c1da270a5f1a3a82ed514,0x0d0707963952f2fba59dd06f2b425ace40b492fe,0x81153f0889ab398c4acb42cb58b565a5392bba95,13274.270999999999,,,,SHI,erc20,"{'value': '0x02cf99842865e5498000', 'address': '0xad996a45fd2373ed0b10efa4a8ecb9de445a4302', 'decimal': '0x12'}",{'blockTimestamp': '2022-06-12T06:28:20.000Z'}
564,0xe41766,0x85e338830b46f6c5639df6cd615fcc282d66cfe4a5068a167d97d40c1535a7ad:log:262,0x85e338830b46f6c5639df6cd615fcc282d66cfe4a5068a167d97d40c1535a7ad,0xbd4c9c13952e3b6deed3f1baabb41a63ad502955,0xf4efa119b67af251449ced01f1ea3f1c59a59c44,2501.6388327984305,,,,SHI,erc20,"{'value': '0x879d36802df94ae68d', 'address': '0xad996a45fd2373ed0b10efa4a8ecb9de445a4302', 'decimal': '0x12'}",{'blockTimestamp': '2022-06-12T04:27:49.000Z'}
565,0xe4053e,0x106bcc07fe80d61e816cec9379dcb39f4cb8c8364f7df88176f322ebc5dabdc2:log:385,0x106bcc07fe80d61e816cec9379dcb39f4cb8c8364f7df88176f322ebc5dabdc2,0x8594d8e9483473626908648a5539d9d65ca2fe8d,0x0000000000000000000000000000000000000000,94262.51936418591,,,,SHI,erc20,"{'value': '0x13f5fb3df17ec15f6610', 'address': '0xad996a45fd2373ed0b10efa4a8ecb9de445a4302', 'decimal': '0x12'}",{'blockTimestamp': '2022-06-11T09:36:34.000Z'}
566,0xe40539,0xf06b0fc094ee389c2c5e0a12913787bf35728c1423635be2ee59e1a258c71537:log:102,0xf06b0fc094ee389c2c5e0a12913787bf35728c1423635be2ee59e1a258c71537,0x000000000035b5e5ad9019092c665357240f594e,0xf4efa119b67af251449ced01f1ea3f1c59a59c44,43208.7977965748,,,,SHI,erc20,"{'value': '0x09265a86f9f66a31179f', 'address': '0xad996a45fd2373ed0b10efa4a8ecb9de445a4302', 'decimal': '0x12'}",{'blockTimestamp': '2022-06-11T09:35:10.000Z'}
567,0xe40539,0x1143b7572ce7cea803314b1210d1eb9731f950a15c10cc6b09699b115cd40786:log:99,0x1143b7572ce7cea803314b1210d1eb9731f950a15c10cc6b09699b115cd40786,0xdef171fe48cf0115b1d80b88dc8eab59176fee57,0x8594d8e9483473626908648a5539d9d65ca2fe8d,94262.51936418591,,,,SHI,erc20,"{'value': '0x13f5fb3df17ec15f6610', 'address': '0xad996a45fd2373ed0b10efa4a8ecb9de445a4302', 'decimal': '0x12'}",{'blockTimestamp': '2022-06-11T09:35:10.000Z'}
568,0xe40539,0x1143b7572ce7cea803314b1210d1eb9731f950a15c10cc6b09699b115cd40786:log:96,0x1143b7572ce7cea803314b1210d1eb9731f950a15c10cc6b09699b115cd40786,0xf4efa119b67af251449ced01f1ea3f1c59a59c44,0xdef171fe48cf0115b1d80b88dc8eab59176fee57,94262.51936418591,,,,SHI,erc20,"{'value': '0x13f5fb3df17ec15f6610', 'address': '0xad996a45fd2373ed0b10efa4a8ecb9de445a4302', 'decimal': '0x12'}",{'blockTimestamp': '2022-06-11T09:35:10.000Z'}
569,0xe40539,0x9ccd77e7746f30e40c2947f1477b397f60f975f7742236512f52b98c630eb996:log:92,0x9ccd77e7746f30e40c2947f1477b397f60f975f7742236512f52b98c630eb996,0xf4efa119b67af251449ced01f1ea3f1c59a59c44,0x000000000035b5e5ad9019092c665357240f594e,43208.7977965748,,,,SHI,erc20,"{'value': '0x09265a86f9f66a3117a0', 'address': '0xad996a45fd2373ed0b10efa4a8ecb9de445a4302', 'decimal': '0x12'}",{'blockTimestamp': '2022-06-11T09:35:10.000Z'}
570,0xe3f991,0xce2191a17b8d99562e1381d3b95c5b29220e2cd1d9c496872d2f60b0e481556e:log:60,0xce2191a17b8d99562e1381d3b95c5b29220e2cd1d9c496872d2f60b0e481556e,0x7571f4042bc1b978b41ed5fd2bf5385558673354,0x5427fefa711eff984124bfbb1ab6fbf5e3da1820,2875197.2235202272,,,,SHI,erc20,"{'value': '0x0260d8c0f93fe15c694412', 'address': '0xad996a45fd2373ed0b10efa4a8ecb9de445a4302', 'decimal': '0x12'}",{'blockTimestamp': '2022-06-10T21:16:48.000Z'}
571,0xe3f30f,0xca2e0985b90a6b122d079f46b2234a3a54e98bd39e362ab7f45acbc9449d35bf:log:196,0xca2e0985b90a6b122d079f46b2234a3a54e98bd39e362ab7f45acbc9449d35bf,0xd3660ee5743108ddbbc6eb9dd07a0c325f6921fe,0x0000000000000000000000000000000000000000,122061.82662227702,,,,SHI,erc20,"{'value': '0x19d8fc2119afcbb09981', 'address': '0xad996a45fd2373ed0b10efa4a8ecb9de445a4302', 'decimal': '0x12'}",{'blockTimestamp': '2022-06-10T14:22:58.000Z'}
572,0xe3f309,0x300bd2680f8d8c39bc6c1ad829db6f019e716fb9a484fc3273f50fc541b9f96f:log:230,0x300bd2680f8d8c39bc6c1ad829db6f019e716fb9a484fc3273f50fc541b9f96f,0xf4efa119b67af251449ced01f1ea3f1c59a59c44,0xd3660ee5743108ddbbc6eb9dd07a0c325f6921fe,122061.82662227702,,,,SHI,erc20,"{'value': '0x19d8fc2119afcbb09981', 'address': '0xad996a45fd2373ed0b10efa4a8ecb9de445a4302', 'decimal': '0x12'}",{'blockTimestamp': '2022-06-10T14:20:03.000Z'}
573,0xe3f085,0xd364223303b8dbd89855cc6c642d664669b02613f28f77ad412d2e9baaf020a2:log:407,0xd364223303b8dbd89855cc6c642d664669b02613f28f77ad412d2e9baaf020a2,0xb406f73b3501efa5224486f03b7e08f37bf30bcc,0x7571f4042bc1b978b41ed5fd2bf5385558673354,2875197.2235202272,,,,SHI,erc20,"{'value': '0x0260d8c0f93fe15c694412', 'address': '0xad996a45fd2373ed0b10efa4a8ecb9de445a4302', 'decimal': '0x12'}",{'blockTimestamp': '2022-06-10T11:46:27.000Z'}
574,0xe3f07d,0xa3c35703596c44f013d1a1c212396ffe3698b6d4eb78107df6c76cce0d73409c:log:312,0xa3c35703596c44f013d1a1c212396ffe3698b6d4eb78107df6c76cce0d73409c,0x5427fefa711eff984124bfbb1ab6fbf5e3da1820,0xb406f73b3501efa5224486f03b7e08f37bf30bcc,2875197.2235202272,,,,SHI,erc20,"{'value': '0x0260d8c0f93fe15c694412', 'address': '0xad996a45fd2373ed0b10efa4a8ecb9de445a4302', 'decimal': '0x12'}",{'blockTimestamp': '2022-06-10T11:44:26.000Z'}
575,0xe3d421,0x7cd489670535a654d90361d13379d001ac353baeec5f2f9d7339abd107f8263d:log:305,0x7cd489670535a654d90361d13379d001ac353baeec5f2f9d7339abd107f8263d,0xf4efa119b67af251449ced01f1ea3f1c59a59c44,0x623c72cb71dd583de01ada0ae48f01423bb904fd,5000.0,,,,SHI,erc20,"{'value': '0x010f0cf064dd59200000', 'address': '0xad996a45fd2373ed0b10efa4a8ecb9de445a4302', 'decimal': '0x12'}",{'blockTimestamp': '2022-06-09T05:51:05.000Z'}
576,0xe3c16f,0x4fb9a4ef5f63e3ee398445f5b643669c5d043bf582908065a0c4c147607f7bbf:log:114,0x4fb9a4ef5f63e3ee398445f5b643669c5d043bf582908065a0c4c147607f7bbf,0x8594d8e9483473626908648a5539d9d65ca2fe8d,0x0000000000000000000000000000000000000000,108754.65133889363,,,,SHI,erc20,"{'value': '0x170799f971e2c753fc9a', 'address': '0xad996a45fd2373ed0b10efa4a8ecb9de445a4302', 'decimal': '0x12'}",{'blockTimestamp': '2022-06-08T10:26:10.000Z'}
577,0xe3c16a,0x728025010f58a1f6e224895fcb9d2497792ce700bcce318acaa3bef5c2a7f7ca:log:168,0x728025010f58a1f6e224895fcb9d2497792ce700bcce318acaa3bef5c2a7f7ca,0xdef171fe48cf0115b1d80b88dc8eab59176fee57,0x8594d8e9483473626908648a5539d9d65ca2fe8d,108754.65133889363,,,,SHI,erc20,"{'value': '0x170799f971e2c753fc9a', 'address': '0xad996a45fd2373ed0b10efa4a8ecb9de445a4302', 'decimal': '0x12'}",{'blockTimestamp': '2022-06-08T10:25:27.000Z'}
578,0xe3c16a,0x728025010f58a1f6e224895fcb9d2497792ce700bcce318acaa3bef5c2a7f7ca:log:165,0x728025010f58a1f6e224895fcb9d2497792ce700bcce318acaa3bef5c2a7f7ca,0xf4efa119b67af251449ced01f1ea3f1c59a59c44,0xdef171fe48cf0115b1d80b88dc8eab59176fee57,108754.65133889363,,,,SHI,erc20,"{'value': '0x170799f971e2c753fc9a', 'address': '0xad996a45fd2373ed0b10efa4a8ecb9de445a4302', 'decimal': '0x12'}",{'blockTimestamp': '2022-06-08T10:25:27.000Z'}
579,0xe3b617,0x104e7140a7b28fad64b13656b71a991f44b31c8a396fe0bdc0934dbec30cc126:log:424,0x104e7140a7b28fad64b13656b71a991f44b31c8a396fe0bdc0934dbec30cc126,0x5427fefa711eff984124bfbb1ab6fbf5e3da1820,0xda58619586d278f906e65d5b68c59f4594625c2e,48529.00925565094,,,,SHI,erc20,"{'value': '0x0a46c34b004dce1c3588', 'address': '0xad996a45fd2373ed0b10efa4a8ecb9de445a4302', 'decimal': '0x12'}",{'blockTimestamp': '2022-06-07T22:30:21.000Z'}
580,0xe39aa8,0x16a54711ea47d4072531ad5dd8ae9e4975f917b8bc696152378f5d70ad21db97:log:501,0x16a54711ea47d4072531ad5dd8ae9e4975f917b8bc696152378f5d70ad21db97,0xb406f73b3501efa5224486f03b7e08f37bf30bcc,0x5427fefa711eff984124bfbb1ab6fbf5e3da1820,1989378.6300000001,,,,SHI,erc20,"{'value': '0x01a5446e7f1d495b470000', 'address': '0xad996a45fd2373ed0b10efa4a8ecb9de445a4302', 'decimal': '0x12'}",{'blockTimestamp': '2022-06-06T17:54:53.000Z'}
581,0xe39a9b,0xa4fd519e3b35304bf4f5a187573e1c546431506d08dffe429483b60278319063:log:91,0xa4fd519e3b35304bf4f5a187573e1c546431506d08dffe429483b60278319063,0x0000000000000000000000000000000000000000,0xb406f73b3501efa5224486f03b7e08f37bf30bcc,1989378.6300000001,,,,SHI,erc20,"{'value': '0x01a5446e7f1d495b470000', 'address': '0xad996a45fd2373ed0b10efa4a8ecb9de445a4302', 'decimal': '0x12'}",{'blockTimestamp': '2022-06-06T17:52:31.000Z'}
582,0xe38dcc,0xb4766550c2d245bf80daed3f97ee46d45c2f74332500cad705b7021caf2b1d7c:log:98,0xb4766550c2d245bf80daed3f97ee46d45c2f74332500cad705b7021caf2b1d7c,0xf4efa119b67af251449ced01f1ea3f1c59a59c44,0x7da44cfc206f8cf4c6a619f5c7177fa2072c295c,5085.023563696149,,,,SHI,erc20,"{'value': '0x0113a8e0c59277d918b9', 'address': '0xad996a45fd2373ed0b10efa4a8ecb9de445a4302', 'decimal': '0x12'}",{'blockTimestamp': '2022-06-06T04:27:06.000Z'}
583,0xe37f65,0xc263ef38990140ec66653ade90a94cdbd40e62962be98c6be96c7dadbc244b80:log:367,0xc263ef38990140ec66653ade90a94cdbd40e62962be98c6be96c7dadbc244b80,0xf4efa119b67af251449ced01f1ea3f1c59a59c44,0x623c72cb71dd583de01ada0ae48f01423bb904fd,10000.0,,,,SHI,erc20,"{'value': '0x021e19e0c9bab2400000', 'address': '0xad996a45fd2373ed0b10efa4a8ecb9de445a4302', 'decimal': '0x12'}",{'blockTimestamp': '2022-06-05T13:09:08.000Z'}
584,0xe37a16,0x16d93d03b13253933e2f83d4a6024e22cac0ff89d0133a2c5abd80b233eed1b2:log:195,0x16d93d03b13253933e2f83d4a6024e22cac0ff89d0133a2c5abd80b233eed1b2,0x5427fefa711eff984124bfbb1ab6fbf5e3da1820,0x68643a6975f499c8148b08705816d853ae88548f,35380.30140930452,,,,SHI,erc20,"{'value': '0x077df850c6e4485f0345', 'address': '0xad996a45fd2373ed0b10efa4a8ecb9de445a4302', 'decimal': '0x12'}",{'blockTimestamp': '2022-06-05T07:53:48.000Z'}
585,0xe36c88,0x1051224e77585b11ed7ead127a52edfbd2d5e0386ea35b8a88b802b40864d6a5:log:228,0x1051224e77585b11ed7ead127a52edfbd2d5e0386ea35b8a88b802b40864d6a5,0x474e8479e0867fb874bb1993ec03af578c12bcff,0xae9daa2d8a9348765887207a1adc92e3bbc73d87,9387.071,,,,SHI,erc20,"{'value': '0x01fcdfc78baa92d98000', 'address': '0xad996a45fd2373ed0b10efa4a8ecb9de445a4302', 'decimal': '0x12'}",{'blockTimestamp': '2022-06-04T17:34:55.000Z'}
586,0xe36c7a,0x0f93661c39a1a9632dca32fb6f0975b1a34ed96a11f059d64b445dd41339c68b:log:489,0x0f93661c39a1a9632dca32fb6f0975b1a34ed96a11f059d64b445dd41339c68b,0xf4efa119b67af251449ced01f1ea3f1c59a59c44,0x474e8479e0867fb874bb1993ec03af578c12bcff,4677.005343923991,,,,SHI,erc20,"{'value': '0xfd8a7cdc7669291389', 'address': '0xad996a45fd2373ed0b10efa4a8ecb9de445a4302', 'decimal': '0x12'}",{'blockTimestamp': '2022-06-04T17:33:02.000Z'}
587,0xe36c07,0x7d4bcb1b57465f041d3f1ce4fd5252edffaa1a86dc60fa60612bd77db4878f74:log:602,0x7d4bcb1b57465f041d3f1ce4fd5252edffaa1a86dc60fa60612bd77db4878f74,0x5427fefa711eff984124bfbb1ab6fbf5e3da1820,0x474e8479e0867fb874bb1993ec03af578c12bcff,4710.065968436903,,,,SHI,erc20,"{'value': '0xff554bcb4b59d9c9fa', 'address': '0xad996a45fd2373ed0b10efa4a8ecb9de445a4302', 'decimal': '0x12'}",{'blockTimestamp': '2022-06-04T17:05:12.000Z'}
588,0xe35f1b,0x4a27095ebefd8e05bfc077a7984f9da70c37af4c81fc5db38b23a62a38aa0c2c:log:378,0x4a27095ebefd8e05bfc077a7984f9da70c37af4c81fc5db38b23a62a38aa0c2c,0x12076e7441522f9b3c0a468126f2820a9b6bdfb1,0xae9daa2d8a9348765887207a1adc92e3bbc73d87,16800.0,,,,SHI,erc20,"{'value': '0x038ebad5cdc902800000', 'address': '0xad996a45fd2373ed0b10efa4a8ecb9de445a4302', 'decimal': '0x12'}",{'blockTimestamp': '2022-06-04T03:33:44.000Z'}
589,0xe35bb3,0x82bf7fa6db06964f0f62fa6439bc8e22002b4dd483861127790b2c1b75326520:log:523,0x82bf7fa6db06964f0f62fa6439bc8e22002b4dd483861127790b2c1b75326520,0xf4efa119b67af251449ced01f1ea3f1c59a59c44,0x365a8d900bc767d195cfe46f5f96136def343779,1000.0,,,,SHI,erc20,"{'value': '0x3635c9adc5dea00000', 'address': '0xad996a45fd2373ed0b10efa4a8ecb9de445a4302', 'decimal': '0x12'}",{'blockTimestamp': '2022-06-04T00:14:23.000Z'}
590,0xe3559c,0xad14153d112225284f607be2970a88f9a4eea741ef5fde4b7f64a924a2a93530:log:428,0xad14153d112225284f607be2970a88f9a4eea741ef5fde4b7f64a924a2a93530,0x0000000000000000000000000000000000000000,0xd9da881131690e70983372c0d1f42acc95a334a3,1456.9799999999998,,,,SHI,erc20,"{'value': '0x4efba8c696d0a20000', 'address': '0xad996a45fd2373ed0b10efa4a8ecb9de445a4302', 'decimal': '0x12'}",{'blockTimestamp': '2022-06-03T18:15:05.000Z'}
591,0xe34c2a,0x75cd7a1f61bc359a0ac9faaf8231d9b27af7004953cdb99a0e03c8271a06eb20:log:175,0x75cd7a1f61bc359a0ac9faaf8231d9b27af7004953cdb99a0e03c8271a06eb20,0xf4efa119b67af251449ced01f1ea3f1c59a59c44,0x623c72cb71dd583de01ada0ae48f01423bb904fd,5000.0,,,,SHI,erc20,"{'value': '0x010f0cf064dd59200000', 'address': '0xad996a45fd2373ed0b10efa4a8ecb9de445a4302', 'decimal': '0x12'}",{'blockTimestamp': '2022-06-03T08:48:05.000Z'}
592,0xe33018,0x91f0c424af82c1d5ff45b9dfd0b55d4d5f49adf0c222ed30a35d6fc8e38bb7dc:log:362,0x91f0c424af82c1d5ff45b9dfd0b55d4d5f49adf0c222ed30a35d6fc8e38bb7dc,0x59418435ed05fbf44cee7aaad6e3cca14d2724a1,0xae9daa2d8a9348765887207a1adc92e3bbc73d87,21089.589,,,,SHI,erc20,"{'value': '0x047744d7521191988000', 'address': '0xad996a45fd2373ed0b10efa4a8ecb9de445a4302', 'decimal': '0x12'}",{'blockTimestamp': '2022-06-02T04:40:32.000Z'}
593,0xe32bc8,0x6b04a8412403857ca2cc22537ab1b6bac59759b0b30fa8cbb02d52253ab54c6d:log:332,0x6b04a8412403857ca2cc22537ab1b6bac59759b0b30fa8cbb02d52253ab54c6d,0xf4efa119b67af251449ced01f1ea3f1c59a59c44,0x70aade6ae0c73fa61ca3a6c276f60c235901065f,9622.01802799482,,,,SHI,erc20,"{'value': '0x02099c5310d32bed0b29', 'address': '0xad996a45fd2373ed0b10efa4a8ecb9de445a4302', 'decimal': '0x12'}",{'blockTimestamp': '2022-06-02T00:19:24.000Z'}
594,0xe325a1,0x98d59f7167aa2fcd3a28a52a0b92b818c296d5ae0dba0f1b9cadb51a1f39f292:log:437,0x98d59f7167aa2fcd3a28a52a0b92b818c296d5ae0dba0f1b9cadb51a1f39f292,0xf4efa119b67af251449ced01f1ea3f1c59a59c44,0x59418435ed05fbf44cee7aaad6e3cca14d2724a1,21053.989673784694,,,,SHI,erc20,"{'value': '0x047556cd1b7d371c4765', 'address': '0xad996a45fd2373ed0b10efa4a8ecb9de445a4302', 'decimal': '0x12'}",{'blockTimestamp': '2022-06-01T18:19:36.000Z'}
595,0xe30db1,0xa256ee261da3e1333c3f04cc1d1d456f5cb0dd0a82bde5bd133722ce4101cec4:log:453,0xa256ee261da3e1333c3f04cc1d1d456f5cb0dd0a82bde5bd133722ce4101cec4,0x5427fefa711eff984124bfbb1ab6fbf5e3da1820,0xc03e2b80716fde01858b5284174bea3cd655a0c8,39351.85754483495,,,,SHI,erc20,"{'value': '0x085544ba95f34e7758fc', 'address': '0xad996a45fd2373ed0b10efa4a8ecb9de445a4302', 'decimal': '0x12'}",{'blockTimestamp': '2022-05-31T18:10:02.000Z'}
596,0xe30c3d,0xe420997240ef3564b8e1482665228318d4e8c67ab05d238b44807dc291ba4f11:log:154,0xe420997240ef3564b8e1482665228318d4e8c67ab05d238b44807dc291ba4f11,0x57e417c1eba61a784746262e79741e09400481f3,0xae9daa2d8a9348765887207a1adc92e3bbc73d87,100237.529,,,,SHI,erc20,"{'value': '0x1539e328684f6c428000', 'address': '0xad996a45fd2373ed0b10efa4a8ecb9de445a4302', 'decimal': '0x12'}",{'blockTimestamp': '2022-05-31T16:44:56.000Z'}
597,0xe30bce,0x3965b1a87d786a6fd5198fc27f1bb7995591ac2a7bed61890b05f696959b008c:log:140,0x3965b1a87d786a6fd5198fc27f1bb7995591ac2a7bed61890b05f696959b008c,0xdef171fe48cf0115b1d80b88dc8eab59176fee57,0xf4efa119b67af251449ced01f1ea3f1c59a59c44,112054.68322075917,,,,SHI,erc20,"{'value': '0x17ba7f1dda1fd1b3f370', 'address': '0xad996a45fd2373ed0b10efa4a8ecb9de445a4302', 'decimal': '0x12'}",{'blockTimestamp': '2022-05-31T16:17:40.000Z'}
598,0xe30bce,0x3965b1a87d786a6fd5198fc27f1bb7995591ac2a7bed61890b05f696959b008c:log:138,0x3965b1a87d786a6fd5198fc27f1bb7995591ac2a7bed61890b05f696959b008c,0x8594d8e9483473626908648a5539d9d65ca2fe8d,0xdef171fe48cf0115b1d80b88dc8eab59176fee57,112054.68322075917,,,,SHI,erc20,"{'value': '0x17ba7f1dda1fd1b3f370', 'address': '0xad996a45fd2373ed0b10efa4a8ecb9de445a4302', 'decimal': '0x12'}",{'blockTimestamp': '2022-05-31T16:17:40.000Z'}
599,0xe30ba8,0x6e2fceca3958d396d8b6610c910ba71b2cb60af6ed2979f380b5c287b20d898a:log:30,0x6e2fceca3958d396d8b6610c910ba71b2cb60af6ed2979f380b5c287b20d898a,0x0000000000000000000000000000000000000000,0x8594d8e9483473626908648a5539d9d65ca2fe8d,112054.68322075917,,,,SHI,erc20,"{'value': '0x17ba7f1dda1fd1b3f370', 'address': '0xad996a45fd2373ed0b10efa4a8ecb9de445a4302', 'decimal': '0x12'}",{'blockTimestamp': '2022-05-31T16:06:47.000Z'}
600,0xe308ce,0x44ef6471104f3fc156b185db70b162f86ddd248de9336416514b5d986f786d6b:log:362,0x44ef6471104f3fc156b185db70b162f86ddd248de9336416514b5d986f786d6b,0x5427fefa711eff984124bfbb1ab6fbf5e3da1820,0x57e417c1eba61a784746262e79741e09400481f3,100237.52919439648,,,,SHI,erc20,"{'value': '0x1539e329191ce1ff9537', 'address': '0xad996a45fd2373ed0b10efa4a8ecb9de445a4302', 'decimal': '0x12'}",{'blockTimestamp': '2022-05-31T13:22:39.000Z'}
601,0xe2fdfc,0x68ad1ee4f548143e626c99365409bf3ff675ee16e7582aa191c7ff7ebbe34e72:log:154,0x68ad1ee4f548143e626c99365409bf3ff675ee16e7582aa191c7ff7ebbe34e72,0x0d0707963952f2fba59dd06f2b425ace40b492fe,0x12076e7441522f9b3c0a468126f2820a9b6bdfb1,16847.765584,,,,SHI,erc20,"{'value': '0x039151b73f5c3b950000', 'address': '0xad996a45fd2373ed0b10efa4a8ecb9de445a4302', 'decimal': '0x12'}",{'blockTimestamp': '2022-05-31T02:16:09.000Z'}
602,0xe2faf2,0x7677b51410d86eb322e37f6b2e4661c5de4e53e72580868fb2f2c4811bbd3bde:log:75,0x7677b51410d86eb322e37f6b2e4661c5de4e53e72580868fb2f2c4811bbd3bde,0xc825dd260adc29b078eb4135679f22adb381488c,0xf4efa119b67af251449ced01f1ea3f1c59a59c44,133331.0304094092,,,,SHI,erc20,"{'value': '0x1c3be3bf8b4868057580', 'address': '0xad996a45fd2373ed0b10efa4a8ecb9de445a4302', 'decimal': '0x12'}",{'blockTimestamp': '2022-05-30T23:20:52.000Z'}
603,0xe2faf1,0xdfd64d5d337c480d748ba1f2354b2ecd90034674b3399040ef8fd8b29c95f708:log:98,0xdfd64d5d337c480d748ba1f2354b2ecd90034674b3399040ef8fd8b29c95f708,0x0000000000000000000000000000000000000000,0xc825dd260adc29b078eb4135679f22adb381488c,133331.0304094092,,,,SHI,erc20,"{'value': '0x1c3be3bf8b4868057580', 'address': '0xad996a45fd2373ed0b10efa4a8ecb9de445a4302', 'decimal': '0x12'}",{'blockTimestamp': '2022-05-30T23:20:41.000Z'}
604,0xe2f241,0xd194f08fdfae903e4fdf5fd4d930e665cf3c37f67cc47fda23910854361d1791:log:252,0xd194f08fdfae903e4fdf5fd4d930e665cf3c37f67cc47fda23910854361d1791,0x0000000000000000000000000000000000000000,0x6309cf7e70287cee735a02286912b7cd5874e0a0,13273.28,,,,SHI,erc20,"{'value': '0x02cf8bc36b2608e00000', 'address': '0xad996a45fd2373ed0b10efa4a8ecb9de445a4302', 'decimal': '0x12'}",{'blockTimestamp': '2022-05-30T14:48:37.000Z'}
605,0xe2ec9d,0x088451e990cacea8d486d82399294bb3be9b61f6eda1aa4d7db80f26e09e85bd:log:200,0x088451e990cacea8d486d82399294bb3be9b61f6eda1aa4d7db80f26e09e85bd,0xcd2eb83e5b28725a9cd3aed62a5101b607e03b6c,0xae9daa2d8a9348765887207a1adc92e3bbc73d87,61715.581,,,,SHI,erc20,"{'value': '0x0d119bbcd05686ec8000', 'address': '0xad996a45fd2373ed0b10efa4a8ecb9de445a4302', 'decimal': '0x12'}",{'blockTimestamp': '2022-05-30T09:08:57.000Z'}
606,0xe2ec44,0xc10240da4a5fd3262708a4b78fadfe5a81c69c2974a5eea82153285c52d67a82:log:363,0xc10240da4a5fd3262708a4b78fadfe5a81c69c2974a5eea82153285c52d67a82,0x5427fefa711eff984124bfbb1ab6fbf5e3da1820,0xcd2eb83e5b28725a9cd3aed62a5101b607e03b6c,61715.581343508784,,,,SHI,erc20,"{'value': '0x0d119bbe08c1e6203aa5', 'address': '0xad996a45fd2373ed0b10efa4a8ecb9de445a4302', 'decimal': '0x12'}",{'blockTimestamp': '2022-05-30T08:44:48.000Z'}
607,0xe2def9,0xd64f3d30f2979dfd8a03ecac24066f54c7432dd7656f69d0b84bceacf7b0e149:log:314,0xd64f3d30f2979dfd8a03ecac24066f54c7432dd7656f69d0b84bceacf7b0e149,0x0000000000000000000000000000000000000000,0x6bf6cfaa7e80fb898a42eb96dee754d72e62b6d7,47763.880000000005,,,,SHI,erc20,"{'value': '0x0a1d48fdd41e30c40000', 'address': '0xad996a45fd2373ed0b10efa4a8ecb9de445a4302', 'decimal': '0x12'}",{'blockTimestamp': '2022-05-29T19:17:07.000Z'}
608,0xe2dc06,0x39db03d381c94f9a22adc762a10302ce0d012f491515f3aa25d3db41bffe1469:log:135,0x39db03d381c94f9a22adc762a10302ce0d012f491515f3aa25d3db41bffe1469,0x623c72cb71dd583de01ada0ae48f01423bb904fd,0xf4efa119b67af251449ced01f1ea3f1c59a59c44,5644.434520203065,,,,SHI,erc20,"{'value': '0x0131fc43baa1001f8c18', 'address': '0xad996a45fd2373ed0b10efa4a8ecb9de445a4302', 'decimal': '0x12'}",{'blockTimestamp': '2022-05-29T16:19:37.000Z'}
609,0xe2c484,0xb5a1dc25d550871612a92e3b602662ba9149fcdbb3e3c001d5742b1e59165ce6:log:191,0xb5a1dc25d550871612a92e3b602662ba9149fcdbb3e3c001d5742b1e59165ce6,0x096eb7a4d8e86781988a15742f111e05987bb704,0xae9daa2d8a9348765887207a1adc92e3bbc73d87,40000.0,,,,SHI,erc20,"{'value': '0x0878678326eac9000000', 'address': '0xad996a45fd2373ed0b10efa4a8ecb9de445a4302', 'decimal': '0x12'}",{'blockTimestamp': '2022-05-28T16:51:59.000Z'}
610,0xe2c0e2,0xb4a97d3281201aedb181d159f8f4cdf04c87e9bfe1689b8abc22c56494596f7e:log:271,0xb4a97d3281201aedb181d159f8f4cdf04c87e9bfe1689b8abc22c56494596f7e,0xf4efa119b67af251449ced01f1ea3f1c59a59c44,0xd11c08b3e15376e2cc97f1796689d0f344c3cd2a,3736.6573031843645,,,,SHI,erc20,"{'value': '0xca90898396592897d4', 'address': '0xad996a45fd2373ed0b10efa4a8ecb9de445a4302', 'decimal': '0x12'}",{'blockTimestamp': '2022-05-28T13:22:12.000Z'}
611,0xe2b80c,0x35bdeb8ae0673b70b3f5745243923a860e35537604c61a2771104bda0c866bbe:log:85,0x35bdeb8ae0673b70b3f5745243923a860e35537604c61a2771104bda0c866bbe,0x60a1d9d5f6346aae41a18b08dcd0be48a74a3021,0x925234a26563142289491b2cc06587bd41381724,1077.2017607529885,,,,SHI,erc20,"{'value': '0x3a652d6e2533326381', 'address': '0xad996a45fd2373ed0b10efa4a8ecb9de445a4302', 'decimal': '0x12'}",{'blockTimestamp': '2022-05-28T04:42:54.000Z'}
612,0xe2b80c,0x35bdeb8ae0673b70b3f5745243923a860e35537604c61a2771104bda0c866bbe:log:81,0x35bdeb8ae0673b70b3f5745243923a860e35537604c61a2771104bda0c866bbe,0xf4efa119b67af251449ced01f1ea3f1c59a59c44,0x60a1d9d5f6346aae41a18b08dcd0be48a74a3021,1077.2017607529885,,,,SHI,erc20,"{'value': '0x3a652d6e2533326381', 'address': '0xad996a45fd2373ed0b10efa4a8ecb9de445a4302', 'decimal': '0x12'}",{'blockTimestamp': '2022-05-28T04:42:54.000Z'}
613,0xe2ac71,0x2053e1c3060769e6b95ab7e391ff229c6e9e3e46b98be857119ddc68587f9699:log:58,0x2053e1c3060769e6b95ab7e391ff229c6e9e3e46b98be857119ddc68587f9699,0xe66b31678d6c16e9ebf358268a790b763c133750,0x0c4aceb906950e1457eaddd381ef4080778cc394,4590.193198949175,,,,SHI,erc20,"{'value': '0xf8d5ba2a8ef38311cc', 'address': '0xad996a45fd2373ed0b10efa4a8ecb9de445a4302', 'decimal': '0x12'}",{'blockTimestamp': '2022-05-27T16:59:45.000Z'}
614,0xe2ac71,0x2053e1c3060769e6b95ab7e391ff229c6e9e3e46b98be857119ddc68587f9699:log:55,0x2053e1c3060769e6b95ab7e391ff229c6e9e3e46b98be857119ddc68587f9699,0xf4efa119b67af251449ced01f1ea3f1c59a59c44,0xe66b31678d6c16e9ebf358268a790b763c133750,4590.193198949175,,,,SHI,erc20,"{'value': '0xf8d5ba2a8ef38311cc', 'address': '0xad996a45fd2373ed0b10efa4a8ecb9de445a4302', 'decimal': '0x12'}",{'blockTimestamp': '2022-05-27T16:59:45.000Z'}
615,0xe2762e,0x76deada565b87dd4dc6241a258a97b736648372d7bafc489ccc64e4dfd969a07:log:113,0x76deada565b87dd4dc6241a258a97b736648372d7bafc489ccc64e4dfd969a07,0x671516b55cb3f1aaba5abaab2c954367eb5cc0cc,0xae9daa2d8a9348765887207a1adc92e3bbc73d87,49723.0,,,,SHI,erc20,"{'value': '0x0a877d3e40415c0c0000', 'address': '0xad996a45fd2373ed0b10efa4a8ecb9de445a4302', 'decimal': '0x12'}",{'blockTimestamp': '2022-05-25T10:33:43.000Z'}
616,0xe275d6,0xcd6586030ffed33a0b4bdecb386d54c96fd97055196c377791b455e248a0e258:log:461,0xcd6586030ffed33a0b4bdecb386d54c96fd97055196c377791b455e248a0e258,0xc9c3a6870f0f34ad005d6dc79d1b855e4ffde6b3,0xae9daa2d8a9348765887207a1adc92e3bbc73d87,9591.0,,,,SHI,erc20,"{'value': '0x0207eddce4b4437c0000', 'address': '0xad996a45fd2373ed0b10efa4a8ecb9de445a4302', 'decimal': '0x12'}",{'blockTimestamp': '2022-05-25T10:12:44.000Z'}
617,0xe26a41,0xe6373163b4e40690ebbc7c85cdde0dec73a388405e2d6742f36201d76803a038:log:35,0xe6373163b4e40690ebbc7c85cdde0dec73a388405e2d6742f36201d76803a038,0x97db42b8ab80896e78dec2d6000d6086e99ff862,0xae9daa2d8a9348765887207a1adc92e3bbc73d87,398975.99999999994,,,,SHI,erc20,"{'value': '0x547c8844b68e4a000000', 'address': '0xad996a45fd2373ed0b10efa4a8ecb9de445a4302', 'decimal': '0x12'}",{'blockTimestamp': '2022-05-24T22:37:19.000Z'}
618,0xe26a2c,0x77d27fd58d2365d2f8f4351280a6754a5dbe0e06028e68c0d591f58e2e19c060:log:155,0x77d27fd58d2365d2f8f4351280a6754a5dbe0e06028e68c0d591f58e2e19c060,0x0000000000000000000000000000000000000000,0x97db42b8ab80896e78dec2d6000d6086e99ff862,398976.98,,,,SHI,erc20,"{'value': '0x547c95de5f5d11e20000', 'address': '0xad996a45fd2373ed0b10efa4a8ecb9de445a4302', 'decimal': '0x12'}",{'blockTimestamp': '2022-05-24T22:31:28.000Z'}
619,0xe2686b,0x0afbcffdf78d50cb1deeb95148086b50ac17fbea1730fc0915bdba4162b39035:log:248,0x0afbcffdf78d50cb1deeb95148086b50ac17fbea1730fc0915bdba4162b39035,0xa5fd90888417c5fcdc0355e485896903e816ac67,0xae9daa2d8a9348765887207a1adc92e3bbc73d87,53259.0,,,,SHI,erc20,"{'value': '0x0b472d19d1b9714c0000', 'address': '0xad996a45fd2373ed0b10efa4a8ecb9de445a4302', 'decimal': '0x12'}",{'blockTimestamp': '2022-05-24T20:46:26.000Z'}
620,0xe26848,0x5e820f7ca6702326f7aef1c1958922076c2800f0f346f06e6980bee26e665568:log:471,0x5e820f7ca6702326f7aef1c1958922076c2800f0f346f06e6980bee26e665568,0x5427fefa711eff984124bfbb1ab6fbf5e3da1820,0xa5fd90888417c5fcdc0355e485896903e816ac67,53259.40618951268,,,,SHI,erc20,"{'value': '0x0b4732bce4ef1ff80b5f', 'address': '0xad996a45fd2373ed0b10efa4a8ecb9de445a4302', 'decimal': '0x12'}",{'blockTimestamp': '2022-05-24T20:38:38.000Z'}
621,0xe267db,0x5734ce7c15c3f5984445c0554cde2516e03c150f3eaf73f64e23434bbed1aa96:log:124,0x5734ce7c15c3f5984445c0554cde2516e03c150f3eaf73f64e23434bbed1aa96,0x6262beaf58b1fd5ab7d53da92fc1e79ad45511b0,0xae9daa2d8a9348765887207a1adc92e3bbc73d87,302000.0,,,,SHI,erc20,"{'value': '0x3ff373eaff6ca0c00000', 'address': '0xad996a45fd2373ed0b10efa4a8ecb9de445a4302', 'decimal': '0x12'}",{'blockTimestamp': '2022-05-24T20:18:13.000Z'}
622,0xe2610e,0xd5ac81a6fd6e3eac83a4d170f2ecb64790eac2a68051cce25526077440ab6241:log:303,0xd5ac81a6fd6e3eac83a4d170f2ecb64790eac2a68051cce25526077440ab6241,0x3d4129eded1bb2097fa8d599a30b10724260e0c5,0xe8b661e4d33a5ec7e0f9c217ccc792e21584b3c0,5000.0,,,,SHI,erc20,"{'value': '0x010f0cf064dd59200000', 'address': '0xad996a45fd2373ed0b10efa4a8ecb9de445a4302', 'decimal': '0x12'}",{'blockTimestamp': '2022-05-24T13:21:08.000Z'}
623,0xe26107,0x1d51e292d213a11752bd3f98bd4b69fd8e99a580543d96de39edc23a3251d266:log:493,0x1d51e292d213a11752bd3f98bd4b69fd8e99a580543d96de39edc23a3251d266,0xf4efa119b67af251449ced01f1ea3f1c59a59c44,0xe8b661e4d33a5ec7e0f9c217ccc792e21584b3c0,95000.0,,,,SHI,erc20,"{'value': '0x141df5d77c6d9d600000', 'address': '0xad996a45fd2373ed0b10efa4a8ecb9de445a4302', 'decimal': '0x12'}",{'blockTimestamp': '2022-05-24T13:19:26.000Z'}
624,0xe260e0,0xf17a40c3406dc79dfb8b92f19feeea45bbe54c52da3aa8d23208f212a99e06e6:log:109,0xf17a40c3406dc79dfb8b92f19feeea45bbe54c52da3aa8d23208f212a99e06e6,0xf4efa119b67af251449ced01f1ea3f1c59a59c44,0x3d4129eded1bb2097fa8d599a30b10724260e0c5,5000.0,,,,SHI,erc20,"{'value': '0x010f0cf064dd59200000', 'address': '0xad996a45fd2373ed0b10efa4a8ecb9de445a4302', 'decimal': '0x12'}",{'blockTimestamp': '2022-05-24T13:10:00.000Z'}
625,0xe24697,0x36d027b6fc5f6416bdf88f4c02c3fe70945b724e8e4d0d481fb2088314c7526b:log:350,0x36d027b6fc5f6416bdf88f4c02c3fe70945b724e8e4d0d481fb2088314c7526b,0x5427fefa711eff984124bfbb1ab6fbf5e3da1820,0xc9c3a6870f0f34ad005d6dc79d1b855e4ffde6b3,9591.748222687756,,,,SHI,erc20,"{'value': '0x0207f83f1d46402fa05a', 'address': '0xad996a45fd2373ed0b10efa4a8ecb9de445a4302', 'decimal': '0x12'}",{'blockTimestamp': '2022-05-23T11:04:02.000Z'}
626,0xe244a0,0x03d399e9c5d29be7a77308f598b89da14aba9d3ba9ac5b8525433bd1e03cdb86:log:186,0x03d399e9c5d29be7a77308f598b89da14aba9d3ba9ac5b8525433bd1e03cdb86,0xf4efa119b67af251449ced01f1ea3f1c59a59c44,0x96b236c75b48d8127f8002e319093a498fb20648,1246.4980807375373,,,,SHI,erc20,"{'value': '0x4392a2c8336f169c26', 'address': '0xad996a45fd2373ed0b10efa4a8ecb9de445a4302', 'decimal': '0x12'}",{'blockTimestamp': '2022-05-23T09:14:43.000Z'}
627,0xe2330e,0xff95db164fc08edbd9c9706b60ef97d490217b86017d9afb9ea1934755814e0e:log:197,0xff95db164fc08edbd9c9706b60ef97d490217b86017d9afb9ea1934755814e0e,0x5427fefa711eff984124bfbb1ab6fbf5e3da1820,0x671516b55cb3f1aaba5abaab2c954367eb5cc0cc,49723.18586753,,,,SHI,erc20,"{'value': '0x0a877fd295ca01157f90', 'address': '0xad996a45fd2373ed0b10efa4a8ecb9de445a4302', 'decimal': '0x12'}",{'blockTimestamp': '2022-05-22T15:39:11.000Z'}
628,0xe21f13,0x039a52fbbea8d69f7e34de523a7a1811cccacced7891e5278f64ca51f55835f8:log:199,0x039a52fbbea8d69f7e34de523a7a1811cccacced7891e5278f64ca51f55835f8,0x0000000000000000000000000000000000000000,0x719d8220fbf160f2faa9b6e10450bc045223d09e,2836.66,,,,SHI,erc20,"{'value': '0x99c690c8bb2f920000', 'address': '0xad996a45fd2373ed0b10efa4a8ecb9de445a4302', 'decimal': '0x12'}",{'blockTimestamp': '2022-05-21T19:31:40.000Z'}
629,0xe2154c,0x7c8cea273eef3eb9815a64da895b68893552ba3fdc9a458faee8f455b20e99a1:log:450,0x7c8cea273eef3eb9815a64da895b68893552ba3fdc9a458faee8f455b20e99a1,0x5427fefa711eff984124bfbb1ab6fbf5e3da1820,0xefd8cc5a8f8ba4fdd230c60c9505c83a1d432f47,412400.6508089074,,,,SHI,erc20,"{'value': '0x575448b94668a55acb3d', 'address': '0xad996a45fd2373ed0b10efa4a8ecb9de445a4302', 'decimal': '0x12'}",{'blockTimestamp': '2022-05-21T09:58:21.000Z'}
630,0xe206bf,0x330eee680d85f32ac076f44a8d0dfd42ef2d35faf4183109c81ea4a38ca15615:log:7,0x330eee680d85f32ac076f44a8d0dfd42ef2d35faf4183109c81ea4a38ca15615,0xc0255aa36b3fbc6bd2e1822e65e253839f3c8f70,0xae9daa2d8a9348765887207a1adc92e3bbc73d87,17847.0,,,,SHI,erc20,"{'value': '0x03c77ce1068a9c7c0000', 'address': '0xad996a45fd2373ed0b10efa4a8ecb9de445a4302', 'decimal': '0x12'}",{'blockTimestamp': '2022-05-20T19:19:41.000Z'}
631,0xe206a2,0x007ea25ee5f90876f0df14df1437c4107de695f2a83987a38426ec616a40e634:log:456,0x007ea25ee5f90876f0df14df1437c4107de695f2a83987a38426ec616a40e634,0x5427fefa711eff984124bfbb1ab6fbf5e3da1820,0xc0255aa36b3fbc6bd2e1822e65e253839f3c8f70,17847.484681118956,,,,SHI,erc20,"{'value': '0x03c7839af5738112793f', 'address': '0xad996a45fd2373ed0b10efa4a8ecb9de445a4302', 'decimal': '0x12'}",{'blockTimestamp': '2022-05-20T19:12:04.000Z'}
632,0xe20449,0x04e097ac2d82962bec5fc18bfaeb780dbc331971290d066f11bc810c7741046b:log:510,0x04e097ac2d82962bec5fc18bfaeb780dbc331971290d066f11bc810c7741046b,0x5427fefa711eff984124bfbb1ab6fbf5e3da1820,0x6262beaf58b1fd5ab7d53da92fc1e79ad45511b0,302617.10540051747,,,,SHI,erc20,"{'value': '0x4014e7f9cba16470e2c7', 'address': '0xad996a45fd2373ed0b10efa4a8ecb9de445a4302', 'decimal': '0x12'}",{'blockTimestamp': '2022-05-20T16:48:36.000Z'}
633,0xe1fa34,0x1ce5fbec2e032ac587918170bad6f61a6a3130725d2930425e99bcfa6dc1e24a:log:94,0x1ce5fbec2e032ac587918170bad6f61a6a3130725d2930425e99bcfa6dc1e24a,0x555727a4a3b5080320799b1c9ed4392655c9a5f2,0xae9daa2d8a9348765887207a1adc92e3bbc73d87,80000.0,,,,SHI,erc20,"{'value': '0x10f0cf064dd592000000', 'address': '0xad996a45fd2373ed0b10efa4a8ecb9de445a4302', 'decimal': '0x12'}",{'blockTimestamp': '2022-05-20T06:54:44.000Z'}
634,0xe1fa2f,0x11c61cfc2c8ea468df51b32c21c16e5e9817fbd7632cb8de9da07d65d0e813dd:log:187,0x11c61cfc2c8ea468df51b32c21c16e5e9817fbd7632cb8de9da07d65d0e813dd,0x555727a4a3b5080320799b1c9ed4392655c9a5f2,0xae9daa2d8a9348765887207a1adc92e3bbc73d87,230000.0,,,,SHI,erc20,"{'value': '0x30b453321fc603c00000', 'address': '0xad996a45fd2373ed0b10efa4a8ecb9de445a4302', 'decimal': '0x12'}",{'blockTimestamp': '2022-05-20T06:53:14.000Z'}
635,0xe1efc4,0xfc5025c886ef2a44ec131d4074649b4f52992dcc7325d796ebad9a3a6bc2aee6:log:119,0xfc5025c886ef2a44ec131d4074649b4f52992dcc7325d796ebad9a3a6bc2aee6,0x279d77567be1a009d1ddd76ea887d9761a460e9d,0xae9daa2d8a9348765887207a1adc92e3bbc73d87,30533.78,,,,SHI,erc20,"{'value': '0x06773d51df19a6c20000', 'address': '0xad996a45fd2373ed0b10efa4a8ecb9de445a4302', 'decimal': '0x12'}",{'blockTimestamp': '2022-05-19T20:23:52.000Z'}
636,0xe1ee9b,0x7d34e6070451224879d76255138cf81c8482532be71a785fbdd6c2bb19cd93c3:log:85,0x7d34e6070451224879d76255138cf81c8482532be71a785fbdd6c2bb19cd93c3,0xdef171fe48cf0115b1d80b88dc8eab59176fee57,0xf4efa119b67af251449ced01f1ea3f1c59a59c44,108111.55215782813,,,,SHI,erc20,"{'value': '0x16e4bd2e2ffe0604353c', 'address': '0xad996a45fd2373ed0b10efa4a8ecb9de445a4302', 'decimal': '0x12'}",{'blockTimestamp': '2022-05-19T19:17:05.000Z'}
637,0xe1ee9b,0x7d34e6070451224879d76255138cf81c8482532be71a785fbdd6c2bb19cd93c3:log:83,0x7d34e6070451224879d76255138cf81c8482532be71a785fbdd6c2bb19cd93c3,0xcebda550ff74f50e2b4941b2824c99aff9bda3a6,0xdef171fe48cf0115b1d80b88dc8eab59176fee57,108111.55215782813,,,,SHI,erc20,"{'value': '0x16e4bd2e2ffe0604353c', 'address': '0xad996a45fd2373ed0b10efa4a8ecb9de445a4302', 'decimal': '0x12'}",{'blockTimestamp': '2022-05-19T19:17:05.000Z'}
638,0xe1ee96,0x7a81477dd8d548de45bba3f07b6ffd842d6a2daf7e330f9a76053c2e15dad28a:log:104,0x7a81477dd8d548de45bba3f07b6ffd842d6a2daf7e330f9a76053c2e15dad28a,0x0000000000000000000000000000000000000000,0xcebda550ff74f50e2b4941b2824c99aff9bda3a6,108111.55215782813,,,,SHI,erc20,"{'value': '0x16e4bd2e2ffe0604353c', 'address': '0xad996a45fd2373ed0b10efa4a8ecb9de445a4302', 'decimal': '0x12'}",{'blockTimestamp': '2022-05-19T19:16:34.000Z'}
639,0xe1ee7e,0xf01f927d9d51e2142ccc129f6b4fc2a4986823e4c217cbe8a491ebb896524a56:log:149,0xf01f927d9d51e2142ccc129f6b4fc2a4986823e4c217cbe8a491ebb896524a56,0xbd58a8098be5174b189dc67a3a07c38ef86f8545,0xae9daa2d8a9348765887207a1adc92e3bbc73d87,49999.99999999999,,,,SHI,erc20,"{'value': '0x0a968163f0a57b400000', 'address': '0xad996a45fd2373ed0b10efa4a8ecb9de445a4302', 'decimal': '0x12'}",{'blockTimestamp': '2022-05-19T19:10:12.000Z'}
640,0xe1ee6e,0x4484bae3266b3c44bebfc85fd44a65dde1e88d034293d10b658fe5438be15df4:log:86,0x4484bae3266b3c44bebfc85fd44a65dde1e88d034293d10b658fe5438be15df4,0xf4efa119b67af251449ced01f1ea3f1c59a59c44,0xbd58a8098be5174b189dc67a3a07c38ef86f8545,49999.99999999999,,,,SHI,erc20,"{'value': '0x0a968163f0a57b400000', 'address': '0xad996a45fd2373ed0b10efa4a8ecb9de445a4302', 'decimal': '0x12'}",{'blockTimestamp': '2022-05-19T19:06:41.000Z'}
641,0xe1e70b,0x9d92080b7e7a6d585c632011ea215fec910bb89efc86de97b7eec4baf8bbe389:log:68,0x9d92080b7e7a6d585c632011ea215fec910bb89efc86de97b7eec4baf8bbe389,0xef9b0f2dd6d141848c7523cf62cfa38d0cad61b0,0xae9daa2d8a9348765887207a1adc92e3bbc73d87,24999.999999999996,,,,SHI,erc20,"{'value': '0x054b40b1f852bda00000', 'address': '0xad996a45fd2373ed0b10efa4a8ecb9de445a4302', 'decimal': '0x12'}",{'blockTimestamp': '2022-05-19T11:38:23.000Z'}
642,0xe1d283,0x032a8f318e207767a747d0e14a9db714bb7fc5feaf601cde71b5320d17a7e96f:log:236,0x032a8f318e207767a747d0e14a9db714bb7fc5feaf601cde71b5320d17a7e96f,0xbc19baa40f03119d17738c67a2c2f2536df960a3,0xf4efa119b67af251449ced01f1ea3f1c59a59c44,10000.0,,,,SHI,erc20,"{'value': '0x021e19e0c9bab2400000', 'address': '0xad996a45fd2373ed0b10efa4a8ecb9de445a4302', 'decimal': '0x12'}",{'blockTimestamp': '2022-05-18T15:02:04.000Z'}
643,0xe1d057,0x449b6dfef7c152bd5bf2380a04fb581dfa561ab501823cf032cac3f3ca95d0a6:log:351,0x449b6dfef7c152bd5bf2380a04fb581dfa561ab501823cf032cac3f3ca95d0a6,0x5427fefa711eff984124bfbb1ab6fbf5e3da1820,0x555727a4a3b5080320799b1c9ed4392655c9a5f2,332316.1482683759,,,,SHI,erc20,"{'value': '0x465ee4fda3acbd043459', 'address': '0xad996a45fd2373ed0b10efa4a8ecb9de445a4302', 'decimal': '0x12'}",{'blockTimestamp': '2022-05-18T12:49:13.000Z'}
644,0xe1cbf2,0x3516cae501e477001edf462fc97319676e402ec8ea8436a179b7d07d84ea660c:log:21,0x3516cae501e477001edf462fc97319676e402ec8ea8436a179b7d07d84ea660c,0xbb436383d652cb88aa46edf7bdfc48a8d98d7739,0xae9daa2d8a9348765887207a1adc92e3bbc73d87,59718.0,,,,SHI,erc20,"{'value': '0x0ca551bb7879c9580000', 'address': '0xad996a45fd2373ed0b10efa4a8ecb9de445a4302', 'decimal': '0x12'}",{'blockTimestamp': '2022-05-18T08:30:46.000Z'}
645,0xe1cbd6,0xf2ee78ac325b71b09e89a2ce5c2c2f5b47ca2601d6046e6343da5a6411a2e2cf:log:340,0xf2ee78ac325b71b09e89a2ce5c2c2f5b47ca2601d6046e6343da5a6411a2e2cf,0x5427fefa711eff984124bfbb1ab6fbf5e3da1820,0x7c21a429766095e087f437e457e5d6c78ad021c5,343673.1281278874,,,,SHI,erc20,"{'value': '0x48c68ebf560ad26e742d', 'address': '0xad996a45fd2373ed0b10efa4a8ecb9de445a4302', 'decimal': '0x12'}",{'blockTimestamp': '2022-05-18T08:22:26.000Z'}
646,0xe1cb3b,0x6d7356b795a2aeb2f06eb7fc2e90afe1b15188ee151e5d83c6a719b9d51bbaad:log:73,0x6d7356b795a2aeb2f06eb7fc2e90afe1b15188ee151e5d83c6a719b9d51bbaad,0xf00384f71718e25e38c050d637e232f60dc6fc2d,0xae9daa2d8a9348765887207a1adc92e3bbc73d87,10039.0,,,,SHI,erc20,"{'value': '0x0220371c9f19327c0000', 'address': '0xad996a45fd2373ed0b10efa4a8ecb9de445a4302', 'decimal': '0x12'}",{'blockTimestamp': '2022-05-18T07:49:37.000Z'}
647,0xe1cb13,0x5c0f0e0724d0b15c0edbeb20877e2bd775ad0934a9c5673c8a333f6a811497ad:log:49,0x5c0f0e0724d0b15c0edbeb20877e2bd775ad0934a9c5673c8a333f6a811497ad,0xf00384f71718e25e38c050d637e232f60dc6fc2d,0xae9daa2d8a9348765887207a1adc92e3bbc73d87,23955.550000000003,,,,SHI,erc20,"{'value': '0x0512a20a2b0e74e30000', 'address': '0xad996a45fd2373ed0b10efa4a8ecb9de445a4302', 'decimal': '0x12'}",{'blockTimestamp': '2022-05-18T07:42:46.000Z'}
648,0xe1c8ec,0xafed6e16cdf5fcc26627a040ff130626ef6ce5dd516789ec2841436da5565af7:log:378,0xafed6e16cdf5fcc26627a040ff130626ef6ce5dd516789ec2841436da5565af7,0x5427fefa711eff984124bfbb1ab6fbf5e3da1820,0xf00384f71718e25e38c050d637e232f60dc6fc2d,33995.54576478994,,,,SHI,erc20,"{'value': '0x0732e6f874f49f94c6af', 'address': '0xad996a45fd2373ed0b10efa4a8ecb9de445a4302', 'decimal': '0x12'}",{'blockTimestamp': '2022-05-18T05:33:59.000Z'}
649,0xe1bd39,0x42ea3a4b0f1b48c13036bf4b8f1ed95f9e6ffb22540fcd14c88f07cef68afc5d:log:364,0x42ea3a4b0f1b48c13036bf4b8f1ed95f9e6ffb22540fcd14c88f07cef68afc5d,0xb406f73b3501efa5224486f03b7e08f37bf30bcc,0x5427fefa711eff984124bfbb1ab6fbf5e3da1820,2497519.98,,,,SHI,erc20,"{'value': '0x0210ded45406079a3e0000', 'address': '0xad996a45fd2373ed0b10efa4a8ecb9de445a4302', 'decimal': '0x12'}",{'blockTimestamp': '2022-05-17T18:09:11.000Z'}
650,0xe1bb3f,0xd583e85831552e6118519b1c949b148600cd24d6e16bdac0a4e9ccd6277697c4:log:40,0xd583e85831552e6118519b1c949b148600cd24d6e16bdac0a4e9ccd6277697c4,0x0000000000000000000000000000000000000000,0xb406f73b3501efa5224486f03b7e08f37bf30bcc,2497519.98,,,,SHI,erc20,"{'value': '0x0210ded45406079a3e0000', 'address': '0xad996a45fd2373ed0b10efa4a8ecb9de445a4302', 'decimal': '0x12'}",{'blockTimestamp': '2022-05-17T16:18:07.000Z'}
651,0xe1b703,0x494bd4e1fa932f7d2f453cb554e59cfdc66a5ed7012f962ceab79869742206dd:log:215,0x494bd4e1fa932f7d2f453cb554e59cfdc66a5ed7012f962ceab79869742206dd,0x5427fefa711eff984124bfbb1ab6fbf5e3da1820,0xe30990f9587f75245ac4b5b1c8cbfb7a35b6f660,11854.83767142059,,,,SHI,erc20,"{'value': '0x0282a6ebf488ff3e20b6', 'address': '0xad996a45fd2373ed0b10efa4a8ecb9de445a4302', 'decimal': '0x12'}",{'blockTimestamp': '2022-05-17T12:10:13.000Z'}
652,0xe1b1cf,0xfd3e7b1b34c39d6903b57a1be22003560150d4deb4bd683f3a595ff7e5f25a84:log:358,0xfd3e7b1b34c39d6903b57a1be22003560150d4deb4bd683f3a595ff7e5f25a84,0xe25490eb039fe5084c47320754f0dfa937970b2c,0xf4efa119b67af251449ced01f1ea3f1c59a59c44,6408.366696558795,,,,SHI,erc20,"{'value': '0x015b65f40589ce85fc95', 'address': '0xad996a45fd2373ed0b10efa4a8ecb9de445a4302', 'decimal': '0x12'}",{'blockTimestamp': '2022-05-17T07:06:17.000Z'}
653,0xe1b05c,0xfa07bcd6926a197e21ccfe401d082acce76e0479ce2374c04af4b7cb628507f2:log:187,0xfa07bcd6926a197e21ccfe401d082acce76e0479ce2374c04af4b7cb628507f2,0xf51b7faabbe0ade1b8393c29a2099a012884eb98,0xae9daa2d8a9348765887207a1adc92e3bbc73d87,1241562.265,,,,SHI,erc20,"{'value': '0x0106e939a9f2b240a28000', 'address': '0xad996a45fd2373ed0b10efa4a8ecb9de445a4302', 'decimal': '0x12'}",{'blockTimestamp': '2022-05-17T05:44:10.000Z'}
654,0xe1b04b,0xe6d6487e120c0ce5326e71742b967fe9f43bbc53aa87428738ff107148514da1:log:279,0xe6d6487e120c0ce5326e71742b967fe9f43bbc53aa87428738ff107148514da1,0x0d0707963952f2fba59dd06f2b425ace40b492fe,0xf51b7faabbe0ade1b8393c29a2099a012884eb98,1241562.265484,,,,SHI,erc20,"{'value': '0x0106e939abaae448b4c000', 'address': '0xad996a45fd2373ed0b10efa4a8ecb9de445a4302', 'decimal': '0x12'}",{'blockTimestamp': '2022-05-17T05:40:10.000Z'}
655,0xe1afb7,0x6ac78896e6050de525a364c258b7294fe32fa5339d58ae20e52eb1670e3807fd:log:172,0x6ac78896e6050de525a364c258b7294fe32fa5339d58ae20e52eb1670e3807fd,0x59699cdbf6519042d6074fdbe2408ad993435bd8,0xae9daa2d8a9348765887207a1adc92e3bbc73d87,1262955.92,,,,SHI,erc20,"{'value': '0x010b70fa44b4c114280000', 'address': '0xad996a45fd2373ed0b10efa4a8ecb9de445a4302', 'decimal': '0x12'}",{'blockTimestamp': '2022-05-17T05:06:03.000Z'}
656,0xe1af8b,0xdde31741884d816c7c6410f9f107543be48637320cbe4257134337880aa5fef3:log:143,0xdde31741884d816c7c6410f9f107543be48637320cbe4257134337880aa5fef3,0x5427fefa711eff984124bfbb1ab6fbf5e3da1820,0x59699cdbf6519042d6074fdbe2408ad993435bd8,1262955.9200273291,,,,SHI,erc20,"{'value': '0x010b70fa44cd9c19fe95b0', 'address': '0xad996a45fd2373ed0b10efa4a8ecb9de445a4302', 'decimal': '0x12'}",{'blockTimestamp': '2022-05-17T04:55:59.000Z'}
657,0xe1a812,0x514b8e9aaf9e2c887682f00964cdbc709e9a0de8e96f2bbf0cbb68421b1b71f9:log:21,0x514b8e9aaf9e2c887682f00964cdbc709e9a0de8e96f2bbf0cbb68421b1b71f9,0x48282f02071981ec215e8a36e3808f81d420afe9,0xae9daa2d8a9348765887207a1adc92e3bbc73d87,7500.0,,,,SHI,erc20,"{'value': '0x01969368974c05b00000', 'address': '0xad996a45fd2373ed0b10efa4a8ecb9de445a4302', 'decimal': '0x12'}",{'blockTimestamp': '2022-05-16T21:32:19.000Z'}
658,0xe1a80e,0x8a6d2d86c336a9069763f5df1bab0eb8243a4d5a03a4c733a327af1fc9d7b792:log:109,0x8a6d2d86c336a9069763f5df1bab0eb8243a4d5a03a4c733a327af1fc9d7b792,0x48282f02071981ec215e8a36e3808f81d420afe9,0xae9daa2d8a9348765887207a1adc92e3bbc73d87,7500.0,,,,SHI,erc20,"{'value': '0x01969368974c05b00000', 'address': '0xad996a45fd2373ed0b10efa4a8ecb9de445a4302', 'decimal': '0x12'}",{'blockTimestamp': '2022-05-16T21:30:59.000Z'}
659,0xe1a809,0x2bb401e03f0aa0d5de2c09e60f15fbac40cc628b7dd9fda5f08db489f81b385e:log:401,0x2bb401e03f0aa0d5de2c09e60f15fbac40cc628b7dd9fda5f08db489f81b385e,0x48282f02071981ec215e8a36e3808f81d420afe9,0xae9daa2d8a9348765887207a1adc92e3bbc73d87,75000.0,,,,SHI,erc20,"{'value': '0x0fe1c215e8f838e00000', 'address': '0xad996a45fd2373ed0b10efa4a8ecb9de445a4302', 'decimal': '0x12'}",{'blockTimestamp': '2022-05-16T21:29:02.000Z'}
660,0xe1a568,0xaf095f0cdb9d335b12446357ea662204047696ea7ddfb50c38a032332246477a:log:126,0xaf095f0cdb9d335b12446357ea662204047696ea7ddfb50c38a032332246477a,0x0000000000000000000000000000000000000000,0x48282f02071981ec215e8a36e3808f81d420afe9,90076.98,,,,SHI,erc20,"{'value': '0x13131536fdb4bdd20000', 'address': '0xad996a45fd2373ed0b10efa4a8ecb9de445a4302', 'decimal': '0x12'}",{'blockTimestamp': '2022-05-16T18:48:32.000Z'}
661,0xe19de8,0x0080c3f64111a213f95e5866e63b1d1e04fa274dd8e052d59de00f00938e3dc7:log:10,0x0080c3f64111a213f95e5866e63b1d1e04fa274dd8e052d59de00f00938e3dc7,0x0000000000000000000000000000000000000000,0x2b0a6a4b92df2e8323480d1b0d9a35728d15be9d,1202.9799999999998,,,,SHI,erc20,"{'value': '0x4136b38056bb6a0000', 'address': '0xad996a45fd2373ed0b10efa4a8ecb9de445a4302', 'decimal': '0x12'}",{'blockTimestamp': '2022-05-16T11:37:27.000Z'}
662,0xe19d6c,0x14d1d7de86ebeef165d71858bf64ec3d9dfbe33bc046025569aeee0ea48ee3cc:log:131,0x14d1d7de86ebeef165d71858bf64ec3d9dfbe33bc046025569aeee0ea48ee3cc,0x1d223a6aa0c89e0913f737a8c4da214998698baa,0xae9daa2d8a9348765887207a1adc92e3bbc73d87,60000.0,,,,SHI,erc20,"{'value': '0x0cb49b44ba602d800000', 'address': '0xad996a45fd2373ed0b10efa4a8ecb9de445a4302', 'decimal': '0x12'}",{'blockTimestamp': '2022-05-16T11:10:43.000Z'}
663,0xe19d69,0x4a9bb0a14dfc8243a5e5509bbc7608aa7f32f82489d59fc4190d3a52ef981dd6:log:70,0x4a9bb0a14dfc8243a5e5509bbc7608aa7f32f82489d59fc4190d3a52ef981dd6,0x1d223a6aa0c89e0913f737a8c4da214998698baa,0xae9daa2d8a9348765887207a1adc92e3bbc73d87,99999.99999999999,,,,SHI,erc20,"{'value': '0x152d02c7e14af6800000', 'address': '0xad996a45fd2373ed0b10efa4a8ecb9de445a4302', 'decimal': '0x12'}",{'blockTimestamp': '2022-05-16T11:09:39.000Z'}
664,0xe19d4b,0x1729e096774fe75f0349616ae24221d5918c0f2a37349072a308c10387f41566:log:138,0x1729e096774fe75f0349616ae24221d5918c0f2a37349072a308c10387f41566,0xe41b3736a2b8384304f83815f7a9875ffd1e325b,0xae9daa2d8a9348765887207a1adc92e3bbc73d87,34000.0,,,,SHI,erc20,"{'value': '0x073324c9144791400000', 'address': '0xad996a45fd2373ed0b10efa4a8ecb9de445a4302', 'decimal': '0x12'}",{'blockTimestamp': '2022-05-16T11:04:08.000Z'}
665,0xe19d06,0x63754d152959b043b53e4c85f0cf817de31b15719c06973da9cdfe4badad73a8:log:195,0x63754d152959b043b53e4c85f0cf817de31b15719c06973da9cdfe4badad73a8,0x5427fefa711eff984124bfbb1ab6fbf5e3da1820,0x1d223a6aa0c89e0913f737a8c4da214998698baa,192244.22813604889,,,,SHI,erc20,"{'value': '0x28b5949af8299d18a426', 'address': '0xad996a45fd2373ed0b10efa4a8ecb9de445a4302', 'decimal': '0x12'}",{'blockTimestamp': '2022-05-16T10:47:58.000Z'}
666,0xe19cf0,0xa2f552d121c3962a51b1d83adbefb139f1bdbca773ccd3182b4fd81fa0c98245:log:168,0xa2f552d121c3962a51b1d83adbefb139f1bdbca773ccd3182b4fd81fa0c98245,0x986846ba657ad84f9265427c3ae2b5c57f9f563d,0xae9daa2d8a9348765887207a1adc92e3bbc73d87,12400.0,,,,SHI,erc20,"{'value': '0x02a034919dfbfbc00000', 'address': '0xad996a45fd2373ed0b10efa4a8ecb9de445a4302', 'decimal': '0x12'}",{'blockTimestamp': '2022-05-16T10:42:44.000Z'}
667,0xe19cc9,0xee0653b578e35db5b42ddf2bb5258fa9f0d8d58641307592a4c8e82b4b56445c:log:30,0xee0653b578e35db5b42ddf2bb5258fa9f0d8d58641307592a4c8e82b4b56445c,0xb87169b9d4546edbde9f79562fbe2bd337ef8143,0xae9daa2d8a9348765887207a1adc92e3bbc73d87,20000.0,,,,SHI,erc20,"{'value': '0x043c33c1937564800000', 'address': '0xad996a45fd2373ed0b10efa4a8ecb9de445a4302', 'decimal': '0x12'}",{'blockTimestamp': '2022-05-16T10:36:16.000Z'}
668,0xe19c90,0xb8c6c0319b848ca69cd0c181a73e091b0d65add550e799ba38774a6a3021cae9:log:234,0xb8c6c0319b848ca69cd0c181a73e091b0d65add550e799ba38774a6a3021cae9,0x5427fefa711eff984124bfbb1ab6fbf5e3da1820,0x986846ba657ad84f9265427c3ae2b5c57f9f563d,12474.834467235605,,,,SHI,erc20,"{'value': '0x02a4431b0d71f1ac3595', 'address': '0xad996a45fd2373ed0b10efa4a8ecb9de445a4302', 'decimal': '0x12'}",{'blockTimestamp': '2022-05-16T10:22:20.000Z'}
669,0xe19b1e,0xb6b8c945689849ca34efc2ca11970a27a5ad948d82cddbcda3d942e93ce01833:log:482,0xb6b8c945689849ca34efc2ca11970a27a5ad948d82cddbcda3d942e93ce01833,0x5427fefa711eff984124bfbb1ab6fbf5e3da1820,0xbb436383d652cb88aa46edf7bdfc48a8d98d7739,59718.35619776651,,,,SHI,erc20,"{'value': '0x0ca556acf075083de739', 'address': '0xad996a45fd2373ed0b10efa4a8ecb9de445a4302', 'decimal': '0x12'}",{'blockTimestamp': '2022-05-16T09:00:10.000Z'}
670,0xe196d3,0x8d395de87a8c6bf32716bbb9075a2fb452bb33776df3b69a188e5a984cb51f35:log:279,0x8d395de87a8c6bf32716bbb9075a2fb452bb33776df3b69a188e5a984cb51f35,0x5427fefa711eff984124bfbb1ab6fbf5e3da1820,0x5883854f0b3111f27a45866d6ac9d8be2a127fdc,49883.02538790796,,,,SHI,erc20,"{'value': '0x0a902a0aa2b4ee30b20d', 'address': '0xad996a45fd2373ed0b10efa4a8ecb9de445a4302', 'decimal': '0x12'}",{'blockTimestamp': '2022-05-16T04:36:22.000Z'}
671,0xe1963d,0xb4744cbea08b45ed231d52a339ad6cfa01394e1b9d4196a087f88eaae7549069:log:207,0xb4744cbea08b45ed231d52a339ad6cfa01394e1b9d4196a087f88eaae7549069,0xd931bbf92198f9bfed4975972d7c6abf0f9092f0,0xae9daa2d8a9348765887207a1adc92e3bbc73d87,75684.6728,,,,SHI,erc20,"{'value': '0x1006dfd4550484f20000', 'address': '0xad996a45fd2373ed0b10efa4a8ecb9de445a4302', 'decimal': '0x12'}",{'blockTimestamp': '2022-05-16T04:02:57.000Z'}
672,0xe19621,0xc72cda8a6d81e2c815f99d869ab1319adae12965f45b9e36b09c83f9f2c6354d:log:201,0xc72cda8a6d81e2c815f99d869ab1319adae12965f45b9e36b09c83f9f2c6354d,0xd931bbf92198f9bfed4975972d7c6abf0f9092f0,0xae9daa2d8a9348765887207a1adc92e3bbc73d87,99999.99999999999,,,,SHI,erc20,"{'value': '0x152d02c7e14af6800000', 'address': '0xad996a45fd2373ed0b10efa4a8ecb9de445a4302', 'decimal': '0x12'}",{'blockTimestamp': '2022-05-16T03:58:10.000Z'}
673,0xe195e3,0x0a1c5687f100183baa8e42ddbe75655969897d32555cacd7eb6624fd99a68158:log:326,0x0a1c5687f100183baa8e42ddbe75655969897d32555cacd7eb6624fd99a68158,0x5427fefa711eff984124bfbb1ab6fbf5e3da1820,0x89ed2bc6c97835bf22e57b58a06def2b0de61fec,3372.000556819934,,,,SHI,erc20,"{'value': '0xb6cbe880cd97907f63', 'address': '0xad996a45fd2373ed0b10efa4a8ecb9de445a4302', 'decimal': '0x12'}",{'blockTimestamp': '2022-05-16T03:44:18.000Z'}
674,0xe1913d,0xf2b8d1c741a6fb7b0c2972224c2d245cd914cab89d01aff5f6b633dc459ce105:log:62,0xf2b8d1c741a6fb7b0c2972224c2d245cd914cab89d01aff5f6b633dc459ce105,0x967f05d700fd44b33845ec936c25394c7d8f7ba0,0xae9daa2d8a9348765887207a1adc92e3bbc73d87,6000.0,,,,SHI,erc20,"{'value': '0x014542ba12a337c00000', 'address': '0xad996a45fd2373ed0b10efa4a8ecb9de445a4302', 'decimal': '0x12'}",{'blockTimestamp': '2022-05-15T23:11:24.000Z'}
675,0xe18f3b,0x680eba384b643cf015af47db9a72992cac93eb2f979a32bd346e5679041e6f81:log:13,0x680eba384b643cf015af47db9a72992cac93eb2f979a32bd346e5679041e6f81,0x2910cc287e20ec1685bb583a542281ed644fa0c6,0xae9daa2d8a9348765887207a1adc92e3bbc73d87,13547.0,,,,SHI,erc20,"{'value': '0x02de626434eaf8cc0000', 'address': '0xad996a45fd2373ed0b10efa4a8ecb9de445a4302', 'decimal': '0x12'}",{'blockTimestamp': '2022-05-15T21:12:47.000Z'}
676,0xe18eff,0x84301bed512cbdb0dc3bc2ae8a69254d59e37e1243c2e9d30c69b3d177a6e566:log:497,0x84301bed512cbdb0dc3bc2ae8a69254d59e37e1243c2e9d30c69b3d177a6e566,0x5427fefa711eff984124bfbb1ab6fbf5e3da1820,0x2910cc287e20ec1685bb583a542281ed644fa0c6,13547.568026488294,,,,SHI,erc20,"{'value': '0x02de6a463dffdaa04004', 'address': '0xad996a45fd2373ed0b10efa4a8ecb9de445a4302', 'decimal': '0x12'}",{'blockTimestamp': '2022-05-15T21:03:30.000Z'}
677,0xe18ec6,0x17b461743b457a55526682c4377ac293df9bf6e499bb4ee60ef0d3766b617cef:log:311,0x17b461743b457a55526682c4377ac293df9bf6e499bb4ee60ef0d3766b617cef,0x59418435ed05fbf44cee7aaad6e3cca14d2724a1,0xae9daa2d8a9348765887207a1adc92e3bbc73d87,19750.0,,,,SHI,erc20,"{'value': '0x042ea64f2803ecd80000', 'address': '0xad996a45fd2373ed0b10efa4a8ecb9de445a4302', 'decimal': '0x12'}",{'blockTimestamp': '2022-05-15T20:50:18.000Z'}
678,0xe18da5,0x96c913568fb31c05eef94ce637dec2f7332f011983557d1ff9d6bac6b95cb950:log:551,0x96c913568fb31c05eef94ce637dec2f7332f011983557d1ff9d6bac6b95cb950,0xe825cf716f098f1d307471584cd7e18a39a8b91f,0x5427fefa711eff984124bfbb1ab6fbf5e3da1820,34625.87232509233,,,,SHI,erc20,"{'value': '0x075512823feff57f7b41', 'address': '0xad996a45fd2373ed0b10efa4a8ecb9de445a4302', 'decimal': '0x12'}",{'blockTimestamp': '2022-05-15T19:41:15.000Z'}
679,0xe18d4c,0x74962e11d4f7256a2dd1f25f33502d04c441c9137bfc45eece151f9d4cc52a55:log:532,0x74962e11d4f7256a2dd1f25f33502d04c441c9137bfc45eece151f9d4cc52a55,0x5427fefa711eff984124bfbb1ab6fbf5e3da1820,0x096eb7a4d8e86781988a15742f111e05987bb704,62555.946094254265,,,,SHI,erc20,"{'value': '0x0d3f2a25611dfe164328', 'address': '0xad996a45fd2373ed0b10efa4a8ecb9de445a4302', 'decimal': '0x12'}",{'blockTimestamp': '2022-05-15T19:24:00.000Z'}
680,0xe18cbe,0x97bdce45c62385f8bc7e70f421179586c120759a85b80923daa7ca9261efc7cb:log:547,0x97bdce45c62385f8bc7e70f421179586c120759a85b80923daa7ca9261efc7cb,0x5427fefa711eff984124bfbb1ab6fbf5e3da1820,0x967f05d700fd44b33845ec936c25394c7d8f7ba0,11910.04658724067,,,,SHI,erc20,"{'value': '0x0285a5196cf6d17bc7d1', 'address': '0xad996a45fd2373ed0b10efa4a8ecb9de445a4302', 'decimal': '0x12'}",{'blockTimestamp': '2022-05-15T18:53:59.000Z'}
681,0xe18b51,0x72a6851c322ce75944b8c76a0fec75de81220ab980e7c4645f18e2322cdf46a7:log:195,0x72a6851c322ce75944b8c76a0fec75de81220ab980e7c4645f18e2322cdf46a7,0x5427fefa711eff984124bfbb1ab6fbf5e3da1820,0xd3abd67ac0fc2107fd6fbeeaa2bf6829221758e4,1037.9546026700787,,,,SHI,erc20,"{'value': '0x38448383cf2bc17bf4', 'address': '0xad996a45fd2373ed0b10efa4a8ecb9de445a4302', 'decimal': '0x12'}",{'blockTimestamp': '2022-05-15T17:34:11.000Z'}
682,0xe18a03,0xfb9f283827c8ce903581cd590cb55c730d92fdc620972f267a456f6b4128c630:log:65,0xfb9f283827c8ce903581cd590cb55c730d92fdc620972f267a456f6b4128c630,0x5427fefa711eff984124bfbb1ab6fbf5e3da1820,0xfacaffe12a538dd8dd17f7fa024bb26510875f57,7336.69136745154,,,,SHI,erc20,"{'value': '0x018db90bc73d87ef711a', 'address': '0xad996a45fd2373ed0b10efa4a8ecb9de445a4302', 'decimal': '0x12'}",{'blockTimestamp': '2022-05-15T16:13:33.000Z'}
683,0xe1898a,0x869de1692741da0dd59cba35ecf73ff1467e62faae4f82e94bdda0e20bbd35c7:log:508,0x869de1692741da0dd59cba35ecf73ff1467e62faae4f82e94bdda0e20bbd35c7,0x5427fefa711eff984124bfbb1ab6fbf5e3da1820,0xf10a0dd47397bb276c6c2bcd0ba6d9c4475101f7,26696.572725562517,,,,SHI,erc20,"{'value': '0x05a7395f19650fc179a4', 'address': '0xad996a45fd2373ed0b10efa4a8ecb9de445a4302', 'decimal': '0x12'}",{'blockTimestamp': '2022-05-15T15:46:00.000Z'}
684,0xe18634,0x5ca4d428cd21b0b86c1d533386de985db4ffe53281e80f07bca906dae4fbac2d:log:203,0x5ca4d428cd21b0b86c1d533386de985db4ffe53281e80f07bca906dae4fbac2d,0xcebda550ff74f50e2b4941b2824c99aff9bda3a6,0x0000000000000000000000000000000000000000,107537.86787055235,,,,SHI,erc20,"{'value': '0x16c5a3b62c397d17ed0d', 'address': '0xad996a45fd2373ed0b10efa4a8ecb9de445a4302', 'decimal': '0x12'}",{'blockTimestamp': '2022-05-15T12:27:18.000Z'}
685,0xe1862f,0xee7b5b91732acf93db7d192f6370c7767598b4d6608acbbb5653be2935da3c17:log:365,0xee7b5b91732acf93db7d192f6370c7767598b4d6608acbbb5653be2935da3c17,0xdef171fe48cf0115b1d80b88dc8eab59176fee57,0xcebda550ff74f50e2b4941b2824c99aff9bda3a6,107537.86787055235,,,,SHI,erc20,"{'value': '0x16c5a3b62c397d17ed0d', 'address': '0xad996a45fd2373ed0b10efa4a8ecb9de445a4302', 'decimal': '0x12'}",{'blockTimestamp': '2022-05-15T12:24:39.000Z'}
686,0xe1862f,0xee7b5b91732acf93db7d192f6370c7767598b4d6608acbbb5653be2935da3c17:log:362,0xee7b5b91732acf93db7d192f6370c7767598b4d6608acbbb5653be2935da3c17,0xf4efa119b67af251449ced01f1ea3f1c59a59c44,0xdef171fe48cf0115b1d80b88dc8eab59176fee57,107537.86787055235,,,,SHI,erc20,"{'value': '0x16c5a3b62c397d17ed0d', 'address': '0xad996a45fd2373ed0b10efa4a8ecb9de445a4302', 'decimal': '0x12'}",{'blockTimestamp': '2022-05-15T12:24:39.000Z'}
687,0xe18496,0xc45044d0da8ae735a27c1ad24e55b9fbc7b646526f207af5d19226d049b8f27e:log:221,0xc45044d0da8ae735a27c1ad24e55b9fbc7b646526f207af5d19226d049b8f27e,0xbc19baa40f03119d17738c67a2c2f2536df960a3,0xf4efa119b67af251449ced01f1ea3f1c59a59c44,49460.0,,,,SHI,erc20,"{'value': '0x0a793b628db064500000', 'address': '0xad996a45fd2373ed0b10efa4a8ecb9de445a4302', 'decimal': '0x12'}",{'blockTimestamp': '2022-05-15T10:55:54.000Z'}
688,0xe182ef,0x6f5e417ca424144b99351f7513005726f3f06029c61069480e939bb4544026e5:log:62,0x6f5e417ca424144b99351f7513005726f3f06029c61069480e939bb4544026e5,0x5137b75dc3a3c1da10c558c76f58549eaa0adcf5,0xae9daa2d8a9348765887207a1adc92e3bbc73d87,10000.0,,,,SHI,erc20,"{'value': '0x021e19e0c9bab2400000', 'address': '0xad996a45fd2373ed0b10efa4a8ecb9de445a4302', 'decimal': '0x12'}",{'blockTimestamp': '2022-05-15T09:22:56.000Z'}
689,0xe182e8,0x06ae97052846e3b42cc1f07cb187aa4c48a9f0e973309e9dda499c7c7d030b08:log:316,0x06ae97052846e3b42cc1f07cb187aa4c48a9f0e973309e9dda499c7c7d030b08,0xa787f09349999a61434cfb75118c6a9d0cac9406,0xf4efa119b67af251449ced01f1ea3f1c59a59c44,102777.00860858125,,,,SHI,erc20,"{'value': '0x15c38d84599345965e50', 'address': '0xad996a45fd2373ed0b10efa4a8ecb9de445a4302', 'decimal': '0x12'}",{'blockTimestamp': '2022-05-15T09:22:04.000Z'}
690,0xe182e4,0x1c5a3810c888aacdaf521292249aaf74a8e26768fbb92f6a764f671d0718353f:log:492,0x1c5a3810c888aacdaf521292249aaf74a8e26768fbb92f6a764f671d0718353f,0x5427fefa711eff984124bfbb1ab6fbf5e3da1820,0xa787f09349999a61434cfb75118c6a9d0cac9406,102776.94946766774,,,,SHI,erc20,"{'value': '0x15c38cb23d3a4fa53ef9', 'address': '0xad996a45fd2373ed0b10efa4a8ecb9de445a4302', 'decimal': '0x12'}",{'blockTimestamp': '2022-05-15T09:21:22.000Z'}
691,0xe182d1,0x1e20f7a05274ba37e6fdc6e46d98dea86ef121418d79645623a2879878e48007:log:346,0x1e20f7a05274ba37e6fdc6e46d98dea86ef121418d79645623a2879878e48007,0x5427fefa711eff984124bfbb1ab6fbf5e3da1820,0xd931bbf92198f9bfed4975972d7c6abf0f9092f0,175684.6728286909,,,,SHI,erc20,"{'value': '0x2533e29c50679a9857f5', 'address': '0xad996a45fd2373ed0b10efa4a8ecb9de445a4302', 'decimal': '0x12'}",{'blockTimestamp': '2022-05-15T09:17:55.000Z'}
692,0xe182cf,0x9d5aaafc53d00809b96dcb584fefb2cab6299cde14ee302882fdee5ff1cfff8e:log:1322,0x9d5aaafc53d00809b96dcb584fefb2cab6299cde14ee302882fdee5ff1cfff8e,0xdef171fe48cf0115b1d80b88dc8eab59176fee57,0xf4efa119b67af251449ced01f1ea3f1c59a59c44,105071.47934565194,,,,SHI,erc20,"{'value': '0x163fefb1ec50695361ae', 'address': '0xad996a45fd2373ed0b10efa4a8ecb9de445a4302', 'decimal': '0x12'}",{'blockTimestamp': '2022-05-15T09:17:06.000Z'}
693,0xe182cf,0x9d5aaafc53d00809b96dcb584fefb2cab6299cde14ee302882fdee5ff1cfff8e:log:1320,0x9d5aaafc53d00809b96dcb584fefb2cab6299cde14ee302882fdee5ff1cfff8e,0x92bc4d57c9ca7f74b3f08e80515855f43a03fb19,0xdef171fe48cf0115b1d80b88dc8eab59176fee57,105071.47934565194,,,,SHI,erc20,"{'value': '0x163fefb1ec50695361ae', 'address': '0xad996a45fd2373ed0b10efa4a8ecb9de445a4302', 'decimal': '0x12'}",{'blockTimestamp': '2022-05-15T09:17:06.000Z'}
694,0xe182c6,0x52e288790a9bbc9499410f349b45589895f420c61e3041c520e7584980281a2a:log:40,0x52e288790a9bbc9499410f349b45589895f420c61e3041c520e7584980281a2a,0x0000000000000000000000000000000000000000,0x92bc4d57c9ca7f74b3f08e80515855f43a03fb19,105071.47934565194,,,,SHI,erc20,"{'value': '0x163fefb1ec50695361ae', 'address': '0xad996a45fd2373ed0b10efa4a8ecb9de445a4302', 'decimal': '0x12'}",{'blockTimestamp': '2022-05-15T09:15:50.000Z'}
695,0xe181e5,0x2dce87963d4b518b467ed774a2d6214a7fc50cb5bdfb3814db4d10ca3a9fe31a:log:34,0x2dce87963d4b518b467ed774a2d6214a7fc50cb5bdfb3814db4d10ca3a9fe31a,0xdef171fe48cf0115b1d80b88dc8eab59176fee57,0xf4efa119b67af251449ced01f1ea3f1c59a59c44,120522.13985171789,,,,SHI,erc20,"{'value': '0x198584aed9792b70413c', 'address': '0xad996a45fd2373ed0b10efa4a8ecb9de445a4302', 'decimal': '0x12'}",{'blockTimestamp': '2022-05-15T08:19:22.000Z'}
696,0xe181e5,0x2dce87963d4b518b467ed774a2d6214a7fc50cb5bdfb3814db4d10ca3a9fe31a:log:32,0x2dce87963d4b518b467ed774a2d6214a7fc50cb5bdfb3814db4d10ca3a9fe31a,0x92bc4d57c9ca7f74b3f08e80515855f43a03fb19,0xdef171fe48cf0115b1d80b88dc8eab59176fee57,120522.13985171789,,,,SHI,erc20,"{'value': '0x198584aed9792b70413c', 'address': '0xad996a45fd2373ed0b10efa4a8ecb9de445a4302', 'decimal': '0x12'}",{'blockTimestamp': '2022-05-15T08:19:22.000Z'}
697,0xe181e3,0x2fc4aa3631925891f332f2e3e9a3dcec102fff5c6ad68643056f8c0481df063c:log:26,0x2fc4aa3631925891f332f2e3e9a3dcec102fff5c6ad68643056f8c0481df063c,0x0000000000000000000000000000000000000000,0x92bc4d57c9ca7f74b3f08e80515855f43a03fb19,120522.13985171789,,,,SHI,erc20,"{'value': '0x198584aed9792b70413c', 'address': '0xad996a45fd2373ed0b10efa4a8ecb9de445a4302', 'decimal': '0x12'}",{'blockTimestamp': '2022-05-15T08:18:18.000Z'}
698,0xe181da,0x4c084654d54e3e98fe54b11e3bf0c4bdb0ef08ade36a98c11d7a335c180346a3:log:135,0x4c084654d54e3e98fe54b11e3bf0c4bdb0ef08ade36a98c11d7a335c180346a3,0x67ebc532d648e6164a6fd726ff0b39e69180dafe,0xf4efa119b67af251449ced01f1ea3f1c59a59c44,47798.67302729842,,,,SHI,erc20,"{'value': '0x0a1f2bd77e1abf6c774c', 'address': '0xad996a45fd2373ed0b10efa4a8ecb9de445a4302', 'decimal': '0x12'}",{'blockTimestamp': '2022-05-15T08:15:12.000Z'}
699,0xe181d9,0x6b287b29ec7fc2c79f052a3f81cbbdcd2361880a6265593c7e4f90edb9e0b6e4:log:10,0x6b287b29ec7fc2c79f052a3f81cbbdcd2361880a6265593c7e4f90edb9e0b6e4,0x0000000000000000000000000000000000000000,0x67ebc532d648e6164a6fd726ff0b39e69180dafe,47798.67302729842,,,,SHI,erc20,"{'value': '0x0a1f2bd77e1abf6c774c', 'address': '0xad996a45fd2373ed0b10efa4a8ecb9de445a4302', 'decimal': '0x12'}",{'blockTimestamp': '2022-05-15T08:15:05.000Z'}
700,0xe18094,0x89cd655028a3d2454c68d581616b1bf02db082b0d6609daa78075be592107c12:log:203,0x89cd655028a3d2454c68d581616b1bf02db082b0d6609daa78075be592107c12,0xac4aab0cd950da2afc28dcbcdb77cea015876e15,0xae9daa2d8a9348765887207a1adc92e3bbc73d87,14550.0,,,,SHI,erc20,"{'value': '0x0314c1d006cbcd980000', 'address': '0xad996a45fd2373ed0b10efa4a8ecb9de445a4302', 'decimal': '0x12'}",{'blockTimestamp': '2022-05-15T07:03:38.000Z'}
701,0xe18062,0x4fa81c9ac92bbb292d4c67ef86f5a500d9cea0e4dcbf44ab7fc21c4b4cf9e568:log:51,0x4fa81c9ac92bbb292d4c67ef86f5a500d9cea0e4dcbf44ab7fc21c4b4cf9e568,0x2469d38ccd67d7882f80de38b3975fa24509666e,0xae9daa2d8a9348765887207a1adc92e3bbc73d87,21447.999999999996,,,,SHI,erc20,"{'value': '0x048ab2cafba032200000', 'address': '0xad996a45fd2373ed0b10efa4a8ecb9de445a4302', 'decimal': '0x12'}",{'blockTimestamp': '2022-05-15T06:51:14.000Z'}
702,0xe1805c,0x64df684488720b21b38a8a47e5bc8fe021b76c9ae9979660b922f783771ddfa3:log:217,0x64df684488720b21b38a8a47e5bc8fe021b76c9ae9979660b922f783771ddfa3,0x2469d38ccd67d7882f80de38b3975fa24509666e,0xae9daa2d8a9348765887207a1adc92e3bbc73d87,60000.0,,,,SHI,erc20,"{'value': '0x0cb49b44ba602d800000', 'address': '0xad996a45fd2373ed0b10efa4a8ecb9de445a4302', 'decimal': '0x12'}",{'blockTimestamp': '2022-05-15T06:49:07.000Z'}
703,0xe18048,0xa723653b78a9fae66851fbe23b11a88b4e5709c53c27c9d9d61f4add59cd9e3a:log:587,0xa723653b78a9fae66851fbe23b11a88b4e5709c53c27c9d9d61f4add59cd9e3a,0x5427fefa711eff984124bfbb1ab6fbf5e3da1820,0x2469d38ccd67d7882f80de38b3975fa24509666e,81448.28735700795,,,,SHI,erc20,"{'value': '0x113f520c9bad7e08d5f8', 'address': '0xad996a45fd2373ed0b10efa4a8ecb9de445a4302', 'decimal': '0x12'}",{'blockTimestamp': '2022-05-15T06:45:09.000Z'}
704,0xe1802b,0x58a079efae509d61d14f63110080fa43c4d224c85c3de461254c99522ae4d8a2:log:449,0x58a079efae509d61d14f63110080fa43c4d224c85c3de461254c99522ae4d8a2,0x5427fefa711eff984124bfbb1ab6fbf5e3da1820,0xac4aab0cd950da2afc28dcbcdb77cea015876e15,14550.224902654165,,,,SHI,erc20,"{'value': '0x0314c4ef0a91881ef770', 'address': '0xad996a45fd2373ed0b10efa4a8ecb9de445a4302', 'decimal': '0x12'}",{'blockTimestamp': '2022-05-15T06:38:06.000Z'}
705,0xe17eaf,0x0d8b2ce204fe9bf49ab51008928d9cb3f74c4cb04eebe407cb08918f7692073e:log:308,0x0d8b2ce204fe9bf49ab51008928d9cb3f74c4cb04eebe407cb08918f7692073e,0x2469d38ccd67d7882f80de38b3975fa24509666e,0xae9daa2d8a9348765887207a1adc92e3bbc73d87,157945.0,,,,SHI,erc20,"{'value': '0x21723731ff8670440000', 'address': '0xad996a45fd2373ed0b10efa4a8ecb9de445a4302', 'decimal': '0x12'}",{'blockTimestamp': '2022-05-15T04:56:49.000Z'}
706,0xe17ea1,0x10079656cd1349b97bc114572914e635ff5a40acbc93cedd56f07969cf91ee7c:log:60,0x10079656cd1349b97bc114572914e635ff5a40acbc93cedd56f07969cf91ee7c,0x5c17ee07a7c1e324d32e519301cd52dc16d0a533,0xae9daa2d8a9348765887207a1adc92e3bbc73d87,37000.0,,,,SHI,erc20,"{'value': '0x07d5c6261d992d200000', 'address': '0xad996a45fd2373ed0b10efa4a8ecb9de445a4302', 'decimal': '0x12'}",{'blockTimestamp': '2022-05-15T04:54:06.000Z'}
707,0xe1768d,0x3166316231144a0e270f47f09ad12be2bd27877600ae2b53ff7793c0d364c267:log:77,0x3166316231144a0e270f47f09ad12be2bd27877600ae2b53ff7793c0d364c267,0xe2e23a24fd9f678af60b1567ffbb14a98299762c,0xae9daa2d8a9348765887207a1adc92e3bbc73d87,21684.0,,,,SHI,erc20,"{'value': '0x04977df3693e82500000', 'address': '0xad996a45fd2373ed0b10efa4a8ecb9de445a4302', 'decimal': '0x12'}",{'blockTimestamp': '2022-05-14T21:20:47.000Z'}
708,0xe17543,0x82440845d40af4d44fbd9805d5a8f6f5a1020a63247a3d9c90b2a30ae829af75:log:354,0x82440845d40af4d44fbd9805d5a8f6f5a1020a63247a3d9c90b2a30ae829af75,0x5427fefa711eff984124bfbb1ab6fbf5e3da1820,0x2469d38ccd67d7882f80de38b3975fa24509666e,157945.16983786828,,,,SHI,erc20,"{'value': '0x2172398d622a9f4fcccb', 'address': '0xad996a45fd2373ed0b10efa4a8ecb9de445a4302', 'decimal': '0x12'}",{'blockTimestamp': '2022-05-14T20:08:31.000Z'}
709,0xe173a4,0x81c64edeb00b653f07fcbcccb7483fcf1c36ec34f7f48117a1630339692cd3db:log:205,0x81c64edeb00b653f07fcbcccb7483fcf1c36ec34f7f48117a1630339692cd3db,0x62b97775711f1ff66bcd3cf3bfde90c844bc7888,0xae9daa2d8a9348765887207a1adc92e3bbc73d87,49999.99999999999,,,,SHI,erc20,"{'value': '0x0a968163f0a57b400000', 'address': '0xad996a45fd2373ed0b10efa4a8ecb9de445a4302', 'decimal': '0x12'}",{'blockTimestamp': '2022-05-14T18:33:14.000Z'}
710,0xe1738b,0xe769e6152053673883a480fb2d38fc6645bc1a1ad7b2a7a14e66b8e4a474e6e4:log:84,0xe769e6152053673883a480fb2d38fc6645bc1a1ad7b2a7a14e66b8e4a474e6e4,0x5f807debc24f673448c29db464240c1ba6d0612e,0xae9daa2d8a9348765887207a1adc92e3bbc73d87,49697.0,,,,SHI,erc20,"{'value': '0x0a86146bb2025be40000', 'address': '0xad996a45fd2373ed0b10efa4a8ecb9de445a4302', 'decimal': '0x12'}",{'blockTimestamp': '2022-05-14T18:28:10.000Z'}
711,0xe1733c,0xc2d18a64724adb26398d35506b888025fa147e5fe732438fb53e8636950f32ea:log:326,0xc2d18a64724adb26398d35506b888025fa147e5fe732438fb53e8636950f32ea,0x5427fefa711eff984124bfbb1ab6fbf5e3da1820,0x5f807debc24f673448c29db464240c1ba6d0612e,49697.12529514887,,,,SHI,erc20,"{'value': '0x0a861628d54884ba73de', 'address': '0xad996a45fd2373ed0b10efa4a8ecb9de445a4302', 'decimal': '0x12'}",{'blockTimestamp': '2022-05-14T18:09:49.000Z'}
712,0xe171ac,0x217fd212ce8d579cbb877c335d0262f5dd384c86a421467254e62d2293aaf01e:log:17,0x217fd212ce8d579cbb877c335d0262f5dd384c86a421467254e62d2293aaf01e,0xf8ab0a84617f71639d92b1f65c5f7a53965ce555,0xae9daa2d8a9348765887207a1adc92e3bbc73d87,52852.0,,,,SHI,erc20,"{'value': '0x0b311cd75a1a51500000', 'address': '0xad996a45fd2373ed0b10efa4a8ecb9de445a4302', 'decimal': '0x12'}",{'blockTimestamp': '2022-05-14T16:40:31.000Z'}
713,0xe17186,0xdcdd020d654c99a684fde5932c2d20efc94bd777c6999b7441118f92553c6b54:log:397,0xdcdd020d654c99a684fde5932c2d20efc94bd777c6999b7441118f92553c6b54,0x5427fefa711eff984124bfbb1ab6fbf5e3da1820,0x59418435ed05fbf44cee7aaad6e3cca14d2724a1,19785.599674716726,,,,SHI,erc20,"{'value': '0x0430945a9b8e16c993fe', 'address': '0xad996a45fd2373ed0b10efa4a8ecb9de445a4302', 'decimal': '0x12'}",{'blockTimestamp': '2022-05-14T16:31:30.000Z'}
714,0xe16e78,0xf3a9aaabd36339a4fd4ceb00783a4d0200c44a876ddee978d0f8308eac42f105:log:45,0xf3a9aaabd36339a4fd4ceb00783a4d0200c44a876ddee978d0f8308eac42f105,0xc825dd260adc29b078eb4135679f22adb381488c,0xf4efa119b67af251449ced01f1ea3f1c59a59c44,132275.88533200053,,,,SHI,erc20,"{'value': '0x1c02b0ab31c722cc6880', 'address': '0xad996a45fd2373ed0b10efa4a8ecb9de445a4302', 'decimal': '0x12'}",{'blockTimestamp': '2022-05-14T13:36:59.000Z'}
715,0xe16e77,0x38b60aaef5c3f7c57d2309070672e59ade2d1e1bfc1d33f1e7df5351876503fb:log:127,0x38b60aaef5c3f7c57d2309070672e59ade2d1e1bfc1d33f1e7df5351876503fb,0x0000000000000000000000000000000000000000,0xc825dd260adc29b078eb4135679f22adb381488c,132275.88533200053,,,,SHI,erc20,"{'value': '0x1c02b0ab31c722cc6880', 'address': '0xad996a45fd2373ed0b10efa4a8ecb9de445a4302', 'decimal': '0x12'}",{'blockTimestamp': '2022-05-14T13:36:56.000Z'}
716,0xe16df5,0xca31bf19af90e4dae590fe1ddac4c57e3586de46fb386d99c49afdb52d2642d8:log:244,0xca31bf19af90e4dae590fe1ddac4c57e3586de46fb386d99c49afdb52d2642d8,0x1672620300ed947c84fae87b25cc99700ebb6d09,0xae9daa2d8a9348765887207a1adc92e3bbc73d87,30497.000000000004,,,,SHI,erc20,"{'value': '0x06753ee50ff80fe40000', 'address': '0xad996a45fd2373ed0b10efa4a8ecb9de445a4302', 'decimal': '0x12'}",{'blockTimestamp': '2022-05-14T13:00:48.000Z'}
717,0xe16ca8,0x526893458bff5bda5abd0a082a3e4d3aba1f3e2eb773cc786437c10cc88c4f20:log:33,0x526893458bff5bda5abd0a082a3e4d3aba1f3e2eb773cc786437c10cc88c4f20,0xc825dd260adc29b078eb4135679f22adb381488c,0xf4efa119b67af251449ced01f1ea3f1c59a59c44,128173.58944840184,,,,SHI,erc20,"{'value': '0x1b244de07e8a3b13b580', 'address': '0xad996a45fd2373ed0b10efa4a8ecb9de445a4302', 'decimal': '0x12'}",{'blockTimestamp': '2022-05-14T11:42:44.000Z'}
718,0xe16ca2,0x80ae6e50f9b68319752d8e58bd28046ad62b49a5729d6e46f838cc4545f29e39:log:42,0x80ae6e50f9b68319752d8e58bd28046ad62b49a5729d6e46f838cc4545f29e39,0x0000000000000000000000000000000000000000,0xc825dd260adc29b078eb4135679f22adb381488c,128173.58944840184,,,,SHI,erc20,"{'value': '0x1b244de07e8a3b13b580', 'address': '0xad996a45fd2373ed0b10efa4a8ecb9de445a4302', 'decimal': '0x12'}",{'blockTimestamp': '2022-05-14T11:40:55.000Z'}
719,0xe16b76,0xb493edd074c3b2101cf26ec8e0d4defbbdc3c5c8ec8924a3f7ba16246126ecd8:log:230,0xb493edd074c3b2101cf26ec8e0d4defbbdc3c5c8ec8924a3f7ba16246126ecd8,0xf4efa119b67af251449ced01f1ea3f1c59a59c44,0x70aade6ae0c73fa61ca3a6c276f60c235901065f,2188.5673525034476,,,,SHI,erc20,"{'value': '0x76a4792b93392027a9', 'address': '0xad996a45fd2373ed0b10efa4a8ecb9de445a4302', 'decimal': '0x12'}",{'blockTimestamp': '2022-05-14T10:32:48.000Z'}
720,0xe16aaf,0x08e5c466174872b0ec9d624c2f0505b349b1836486acf41e6cad6ca9ca5b91dc:log:160,0x08e5c466174872b0ec9d624c2f0505b349b1836486acf41e6cad6ca9ca5b91dc,0xe825cf716f098f1d307471584cd7e18a39a8b91f,0xae9daa2d8a9348765887207a1adc92e3bbc73d87,40000.0,,,,SHI,erc20,"{'value': '0x0878678326eac9000000', 'address': '0xad996a45fd2373ed0b10efa4a8ecb9de445a4302', 'decimal': '0x12'}",{'blockTimestamp': '2022-05-14T09:50:17.000Z'}
721,0xe16a85,0xb2b920e526d2e1bfe73bd08e176a97da7b44205767275b9bcbe6960ef7342758:log:259,0xb2b920e526d2e1bfe73bd08e176a97da7b44205767275b9bcbe6960ef7342758,0x74de5d4fcbf63e00296fd95d33236b9794016631,0xf4efa119b67af251449ced01f1ea3f1c59a59c44,5000.0,,,,SHI,erc20,"{'value': '0x010f0cf064dd59200000', 'address': '0xad996a45fd2373ed0b10efa4a8ecb9de445a4302', 'decimal': '0x12'}",{'blockTimestamp': '2022-05-14T09:42:15.000Z'}
722,0xe16a85,0xb2b920e526d2e1bfe73bd08e176a97da7b44205767275b9bcbe6960ef7342758:log:257,0xb2b920e526d2e1bfe73bd08e176a97da7b44205767275b9bcbe6960ef7342758,0xe825cf716f098f1d307471584cd7e18a39a8b91f,0x74de5d4fcbf63e00296fd95d33236b9794016631,5000.0,,,,SHI,erc20,"{'value': '0x010f0cf064dd59200000', 'address': '0xad996a45fd2373ed0b10efa4a8ecb9de445a4302', 'decimal': '0x12'}",{'blockTimestamp': '2022-05-14T09:42:15.000Z'}
723,0xe16a44,0xc948611c4004428d461399c862213dfd36e360e39b1d6060ef6f514f2d562904:log:235,0xc948611c4004428d461399c862213dfd36e360e39b1d6060ef6f514f2d562904,0x5427fefa711eff984124bfbb1ab6fbf5e3da1820,0xe825cf716f098f1d307471584cd7e18a39a8b91f,79625.87232509234,,,,SHI,erc20,"{'value': '0x10dc86f5cbb8179f7b41', 'address': '0xad996a45fd2373ed0b10efa4a8ecb9de445a4302', 'decimal': '0x12'}",{'blockTimestamp': '2022-05-14T09:27:46.000Z'}
724,0xe16956,0xef1fc0aa0ba1a06a19bd64c63bdef1ccbd963d95406266e443473579576f44b6:log:115,0xef1fc0aa0ba1a06a19bd64c63bdef1ccbd963d95406266e443473579576f44b6,0x0bbfe595b0a4b6ba24d3f4d7bca4f91576006dfa,0xae9daa2d8a9348765887207a1adc92e3bbc73d87,49999.99999999999,,,,SHI,erc20,"{'value': '0x0a968163f0a57b400000', 'address': '0xad996a45fd2373ed0b10efa4a8ecb9de445a4302', 'decimal': '0x12'}",{'blockTimestamp': '2022-05-14T08:32:13.000Z'}
725,0xe1694c,0x7ddd47868b28643b8854178c3460edc76e55bb27d86c909782ce919d30ce8637:log:102,0x7ddd47868b28643b8854178c3460edc76e55bb27d86c909782ce919d30ce8637,0x0bbfe595b0a4b6ba24d3f4d7bca4f91576006dfa,0xae9daa2d8a9348765887207a1adc92e3bbc73d87,54380.0,,,,SHI,erc20,"{'value': '0x0b83f219da696e300000', 'address': '0xad996a45fd2373ed0b10efa4a8ecb9de445a4302', 'decimal': '0x12'}",{'blockTimestamp': '2022-05-14T08:30:45.000Z'}
726,0xe166e4,0x80f96c8c179dc43423b1fb29dcf8ce7bf86ee6ee06bf9410ad8f8131a904e972:log:497,0x80f96c8c179dc43423b1fb29dcf8ce7bf86ee6ee06bf9410ad8f8131a904e972,0xf0ebbfac7d64b6490164a87fd913d5b33a5a5873,0xae9daa2d8a9348765887207a1adc92e3bbc73d87,33744.0,,,,SHI,erc20,"{'value': '0x0725441260a02d400000', 'address': '0xad996a45fd2373ed0b10efa4a8ecb9de445a4302', 'decimal': '0x12'}",{'blockTimestamp': '2022-05-14T05:57:46.000Z'}
727,0xe1667d,0x27133f8dfa248ab8716bdfaa72188f133a3d3c816dc428969f68298f2af23e39:log:218,0x27133f8dfa248ab8716bdfaa72188f133a3d3c816dc428969f68298f2af23e39,0x5427fefa711eff984124bfbb1ab6fbf5e3da1820,0x5c17ee07a7c1e324d32e519301cd52dc16d0a533,44566.45602697087,,,,SHI,erc20,"{'value': '0x096ff3d1f15380cf596f', 'address': '0xad996a45fd2373ed0b10efa4a8ecb9de445a4302', 'decimal': '0x12'}",{'blockTimestamp': '2022-05-14T05:34:25.000Z'}
728,0xe165ee,0xd71ada20135f4cfdfafb8b38a637afb0dd8682809a9061acb146ccd1f2d33a94:log:541,0xd71ada20135f4cfdfafb8b38a637afb0dd8682809a9061acb146ccd1f2d33a94,0x5427fefa711eff984124bfbb1ab6fbf5e3da1820,0x51162e96c37e124589cfd46328073f2c412eb683,34998.855825977946,,,,SHI,erc20,"{'value': '0x07694ab1d5d76e44ce54', 'address': '0xad996a45fd2373ed0b10efa4a8ecb9de445a4302', 'decimal': '0x12'}",{'blockTimestamp': '2022-05-14T05:01:56.000Z'}
729,0xe1656c,0xf4a4c0cedfef3da8219b575f651aa6bd0b358ea159c912aec89012b314715c9c:log:129,0xf4a4c0cedfef3da8219b575f651aa6bd0b358ea159c912aec89012b314715c9c,0x5427fefa711eff984124bfbb1ab6fbf5e3da1820,0xf0ebbfac7d64b6490164a87fd913d5b33a5a5873,33744.02181100165,,,,SHI,erc20,"{'value': '0x0725445fdd9dbb02b5ad', 'address': '0xad996a45fd2373ed0b10efa4a8ecb9de445a4302', 'decimal': '0x12'}",{'blockTimestamp': '2022-05-14T04:28:51.000Z'}
730,0xe15bf3,0x34a67bc89d2480d2222df4324e86cfc178867eec7cfe8919c941b1f94125dc45:log:75,0x34a67bc89d2480d2222df4324e86cfc178867eec7cfe8919c941b1f94125dc45,0x1753d3e254db740793dfb671d4a2bf66e0578161,0xae9daa2d8a9348765887207a1adc92e3bbc73d87,300000.0,,,,SHI,erc20,"{'value': '0x3f870857a3e0e3800000', 'address': '0xad996a45fd2373ed0b10efa4a8ecb9de445a4302', 'decimal': '0x12'}",{'blockTimestamp': '2022-05-13T19:07:28.000Z'}
731,0xe15a74,0x7dc045dcba206f6ff24797c013228da12aeea5d26d116332253a082a26ff66d2:log:141,0x7dc045dcba206f6ff24797c013228da12aeea5d26d116332253a082a26ff66d2,0xab5614a1e934936f4fd81a0082ad4d5c28512197,0xae9daa2d8a9348765887207a1adc92e3bbc73d87,55000.0,,,,SHI,erc20,"{'value': '0x0ba58e545582d4600000', 'address': '0xad996a45fd2373ed0b10efa4a8ecb9de445a4302', 'decimal': '0x12'}",{'blockTimestamp': '2022-05-13T17:40:27.000Z'}
732,0xe159e7,0x4a25b884c16c3d6f0823b2f18ed373056ad87d13906d1e4d6c1f8076ee3404a3:log:43,0x4a25b884c16c3d6f0823b2f18ed373056ad87d13906d1e4d6c1f8076ee3404a3,0xf4efa119b67af251449ced01f1ea3f1c59a59c44,0xe25490eb039fe5084c47320754f0dfa937970b2c,6408.366696558795,,,,SHI,erc20,"{'value': '0x015b65f40589ce85fc95', 'address': '0xad996a45fd2373ed0b10efa4a8ecb9de445a4302', 'decimal': '0x12'}",{'blockTimestamp': '2022-05-13T17:09:57.000Z'}
733,0xe153fe,0x6285f13eebdd2b39fcd775bd1fe8c6a6e36269e611b7d5692871bc990bdfd8ea:log:419,0x6285f13eebdd2b39fcd775bd1fe8c6a6e36269e611b7d5692871bc990bdfd8ea,0x92bc4d57c9ca7f74b3f08e80515855f43a03fb19,0x0000000000000000000000000000000000000000,108321.0,,,,SHI,erc20,"{'value': '0x16f017da66becfe40000', 'address': '0xad996a45fd2373ed0b10efa4a8ecb9de445a4302', 'decimal': '0x12'}",{'blockTimestamp': '2022-05-13T11:30:27.000Z'}
734,0xe153fa,0xe159b0fde2714dbf59f80f4a07fd886720854d167b551c944b68af120709fb6a:log:173,0xe159b0fde2714dbf59f80f4a07fd886720854d167b551c944b68af120709fb6a,0xdef171fe48cf0115b1d80b88dc8eab59176fee57,0x92bc4d57c9ca7f74b3f08e80515855f43a03fb19,108321.0,,,,SHI,erc20,"{'value': '0x16f017da66becfe40000', 'address': '0xad996a45fd2373ed0b10efa4a8ecb9de445a4302', 'decimal': '0x12'}",{'blockTimestamp': '2022-05-13T11:29:38.000Z'}
735,0xe153fa,0xe159b0fde2714dbf59f80f4a07fd886720854d167b551c944b68af120709fb6a:log:170,0xe159b0fde2714dbf59f80f4a07fd886720854d167b551c944b68af120709fb6a,0xf4efa119b67af251449ced01f1ea3f1c59a59c44,0xdef171fe48cf0115b1d80b88dc8eab59176fee57,108321.0,,,,SHI,erc20,"{'value': '0x16f017da66becfe40000', 'address': '0xad996a45fd2373ed0b10efa4a8ecb9de445a4302', 'decimal': '0x12'}",{'blockTimestamp': '2022-05-13T11:29:38.000Z'}
736,0xe15315,0xe00930108f655888d6d434cac2b7df38f78aef14a649984cb62d736fb086f0db:log:53,0xe00930108f655888d6d434cac2b7df38f78aef14a649984cb62d736fb086f0db,0x5427fefa711eff984124bfbb1ab6fbf5e3da1820,0x0bbfe595b0a4b6ba24d3f4d7bca4f91576006dfa,104380.14855592392,,,,SHI,erc20,"{'value': '0x161a758d91e24bd5e74e', 'address': '0xad996a45fd2373ed0b10efa4a8ecb9de445a4302', 'decimal': '0x12'}",{'blockTimestamp': '2022-05-13T10:40:37.000Z'}
737,0xe1528a,0xa6e4a18dba1b14eaa686f0f591c9229cb0432e8f8fda86d1c1af70413d3c7ab2:log:162,0xa6e4a18dba1b14eaa686f0f591c9229cb0432e8f8fda86d1c1af70413d3c7ab2,0x6a3ab2fccb2f784e256279f5e907ebd3eaa3826e,0x5427fefa711eff984124bfbb1ab6fbf5e3da1820,149919.2760026567,,,,SHI,erc20,"{'value': '0x1fbf23e6920cb15e9ee3', 'address': '0xad996a45fd2373ed0b10efa4a8ecb9de445a4302', 'decimal': '0x12'}",{'blockTimestamp': '2022-05-13T10:09:52.000Z'}
738,0xe15117,0x24f335ded80295e0e049fdbc643dbfaf4af54ce41b002947adc3ce8a2b030847:log:247,0x24f335ded80295e0e049fdbc643dbfaf4af54ce41b002947adc3ce8a2b030847,0xfb0831763f9a6511a05fcf3a7a5720f0128ca751,0xae9daa2d8a9348765887207a1adc92e3bbc73d87,8000.0,,,,SHI,erc20,"{'value': '0x01b1ae4d6e2ef5000000', 'address': '0xad996a45fd2373ed0b10efa4a8ecb9de445a4302', 'decimal': '0x12'}",{'blockTimestamp': '2022-05-13T08:36:09.000Z'}
739,0xe150c2,0xadeaeef30a2eca31e26c379871cfa5dc937e42532925d3de90f1a015bd3f7f6f:log:61,0xadeaeef30a2eca31e26c379871cfa5dc937e42532925d3de90f1a015bd3f7f6f,0x0000000000000000000000000000000000000000,0xfb0831763f9a6511a05fcf3a7a5720f0128ca751,8091.9800000000005,,,,SHI,erc20,"{'value': '0x01b6aac808da3d6e0000', 'address': '0xad996a45fd2373ed0b10efa4a8ecb9de445a4302', 'decimal': '0x12'}",{'blockTimestamp': '2022-05-13T08:21:22.000Z'}
740,0xe14fcc,0xa5b8449f0fb6c2af80a8b2df0ccb4fa29072dad7f97c7a4bbd18edc83ca35fd2:log:56,0xa5b8449f0fb6c2af80a8b2df0ccb4fa29072dad7f97c7a4bbd18edc83ca35fd2,0x23f18e8b092a0dc39dccb71eed2ee34e0072aa89,0xae9daa2d8a9348765887207a1adc92e3bbc73d87,16881.0,,,,SHI,erc20,"{'value': '0x03931eef9ca0f9240000', 'address': '0xad996a45fd2373ed0b10efa4a8ecb9de445a4302', 'decimal': '0x12'}",{'blockTimestamp': '2022-05-13T07:23:08.000Z'}
741,0xe14660,0xfbb4c8636dbba972de95dc5eb1a7717c027d39dd92841c342e28fabb24defcd8:log:138,0xfbb4c8636dbba972de95dc5eb1a7717c027d39dd92841c342e28fabb24defcd8,0x0000000000000000000000000000000000000000,0x279d77567be1a009d1ddd76ea887d9761a460e9d,30533.78,,,,SHI,erc20,"{'value': '0x06773d51df19a6c20000', 'address': '0xad996a45fd2373ed0b10efa4a8ecb9de445a4302', 'decimal': '0x12'}",{'blockTimestamp': '2022-05-12T22:07:08.000Z'}
742,0xe14365,0x5b8e595fd7d2484d36ae06f9b231462863c757f281ecdf27e5c8e78e4c838437:log:326,0x5b8e595fd7d2484d36ae06f9b231462863c757f281ecdf27e5c8e78e4c838437,0x90013c91da538049bbee87cad6e39a87eda3e515,0xae9daa2d8a9348765887207a1adc92e3bbc73d87,2073569.0,,,,SHI,erc20,"{'value': '0x01b71866963c96cae40000', 'address': '0xad996a45fd2373ed0b10efa4a8ecb9de445a4302', 'decimal': '0x12'}",{'blockTimestamp': '2022-05-12T19:17:04.000Z'}
743,0xe1433b,0xe13d0f5063a2831d35a205742acee29e5380037a38785b5271d8e943235b4781:log:29,0xe13d0f5063a2831d35a205742acee29e5380037a38785b5271d8e943235b4781,0x0000000000000000000000000000000000000000,0x90013c91da538049bbee87cad6e39a87eda3e515,1998000.0,,,,SHI,erc20,"{'value': '0x01a717cc0a3e4f84c00000', 'address': '0xad996a45fd2373ed0b10efa4a8ecb9de445a4302', 'decimal': '0x12'}",{'blockTimestamp': '2022-05-12T19:08:57.000Z'}
744,0xe1432c,0xf350a3e4415fb6b647505b24d7cfa872dc094c5a17232f0eb96b0554d8dd4b54:log:63,0xf350a3e4415fb6b647505b24d7cfa872dc094c5a17232f0eb96b0554d8dd4b54,0x0d0707963952f2fba59dd06f2b425ace40b492fe,0x90013c91da538049bbee87cad6e39a87eda3e515,75569.75,,,,SHI,erc20,"{'value': '0x1000a4f4874e03af0000', 'address': '0xad996a45fd2373ed0b10efa4a8ecb9de445a4302', 'decimal': '0x12'}",{'blockTimestamp': '2022-05-12T19:05:21.000Z'}
745,0xe14301,0x0667b9dd11e2c28884be551ec6313642b7ba7c65c46ed560ef617e242d0a6edd:log:32,0x0667b9dd11e2c28884be551ec6313642b7ba7c65c46ed560ef617e242d0a6edd,0xb3186f799ec434eecbfd811468139efa9e37c134,0x0d0707963952f2fba59dd06f2b425ace40b492fe,3125000.0,,,,SHI,erc20,"{'value': '0x0295be96e6406697200000', 'address': '0xad996a45fd2373ed0b10efa4a8ecb9de445a4302', 'decimal': '0x12'}",{'blockTimestamp': '2022-05-12T18:54:11.000Z'}
746,0xe13cd2,0x506ee8836094dc86be898066be23c13d938375bf85c1715aed254684a99be71e:log:325,0x506ee8836094dc86be898066be23c13d938375bf85c1715aed254684a99be71e,0xa787f09349999a61434cfb75118c6a9d0cac9406,0x0000000000000000000000000000000000000000,81297.20000000001,,,,SHI,erc20,"{'value': '0x1137214a7cf95eb80000', 'address': '0xad996a45fd2373ed0b10efa4a8ecb9de445a4302', 'decimal': '0x12'}",{'blockTimestamp': '2022-05-12T12:50:04.000Z'}
747,0xe13ccf,0x61b8186128005c473a34f3c4ca2713e3d3f4ed3f702890bf95610acc47ae930d:log:21,0x61b8186128005c473a34f3c4ca2713e3d3f4ed3f702890bf95610acc47ae930d,0xf4efa119b67af251449ced01f1ea3f1c59a59c44,0xa787f09349999a61434cfb75118c6a9d0cac9406,81297.25914091352,,,,SHI,erc20,"{'value': '0x1137221c995254a91f57', 'address': '0xad996a45fd2373ed0b10efa4a8ecb9de445a4302', 'decimal': '0x12'}",{'blockTimestamp': '2022-05-12T12:49:13.000Z'}
748,0xe139b1,0xac3a24bed9897f7f4dd639c8cd38fc0921bb027a806399ff7398a6d038c6590d:log:68,0xac3a24bed9897f7f4dd639c8cd38fc0921bb027a806399ff7398a6d038c6590d,0x0000000000000000000000000000000000000000,0xab5614a1e934936f4fd81a0082ad4d5c28512197,55108.68,,,,SHI,erc20,"{'value': '0x0bab729141b321d40000', 'address': '0xad996a45fd2373ed0b10efa4a8ecb9de445a4302', 'decimal': '0x12'}",{'blockTimestamp': '2022-05-12T09:43:28.000Z'}
749,0xe12f46,0x02da7eed20a242cf8db58da62a9e2aa4ea9fe7989d8e5863db5538dd0dd5ea29:log:266,0x02da7eed20a242cf8db58da62a9e2aa4ea9fe7989d8e5863db5538dd0dd5ea29,0xcebda550ff74f50e2b4941b2824c99aff9bda3a6,0x0000000000000000000000000000000000000000,152018.0,,,,SHI,erc20,"{'value': '0x2030e98c061df4080000', 'address': '0xad996a45fd2373ed0b10efa4a8ecb9de445a4302', 'decimal': '0x12'}",{'blockTimestamp': '2022-05-11T23:16:00.000Z'}
750,0xe12f41,0x8dc4f5b773d34bb09ba3f018d06442074599fb20f5b1d0d6c05b72922083da76:log:75,0x8dc4f5b773d34bb09ba3f018d06442074599fb20f5b1d0d6c05b72922083da76,0xdef171fe48cf0115b1d80b88dc8eab59176fee57,0xcebda550ff74f50e2b4941b2824c99aff9bda3a6,152018.0,,,,SHI,erc20,"{'value': '0x2030e98c061df4080000', 'address': '0xad996a45fd2373ed0b10efa4a8ecb9de445a4302', 'decimal': '0x12'}",{'blockTimestamp': '2022-05-11T23:15:04.000Z'}
751,0xe12f41,0x8dc4f5b773d34bb09ba3f018d06442074599fb20f5b1d0d6c05b72922083da76:log:72,0x8dc4f5b773d34bb09ba3f018d06442074599fb20f5b1d0d6c05b72922083da76,0xf4efa119b67af251449ced01f1ea3f1c59a59c44,0xdef171fe48cf0115b1d80b88dc8eab59176fee57,152018.0,,,,SHI,erc20,"{'value': '0x2030e98c061df4080000', 'address': '0xad996a45fd2373ed0b10efa4a8ecb9de445a4302', 'decimal': '0x12'}",{'blockTimestamp': '2022-05-11T23:15:04.000Z'}
752,0xe12b82,0x3fa0ae814622e37c5735091d62d4c50e4ce4b0fb904ddd66760ad203929d7b78:log:21,0x3fa0ae814622e37c5735091d62d4c50e4ce4b0fb904ddd66760ad203929d7b78,0x67ebc532d648e6164a6fd726ff0b39e69180dafe,0xf4efa119b67af251449ced01f1ea3f1c59a59c44,79526.49361142336,,,,SHI,erc20,"{'value': '0x10d723cdae2b0cdecaba', 'address': '0xad996a45fd2373ed0b10efa4a8ecb9de445a4302', 'decimal': '0x12'}",{'blockTimestamp': '2022-05-11T19:31:51.000Z'}
753,0xe12b80,0x3e1a0980e805515ba8c0e0d4dfd62f76cccc47b5ca1cae48e2215f2ad6ecf636:log:31,0x3e1a0980e805515ba8c0e0d4dfd62f76cccc47b5ca1cae48e2215f2ad6ecf636,0x0000000000000000000000000000000000000000,0x67ebc532d648e6164a6fd726ff0b39e69180dafe,79526.49361142336,,,,SHI,erc20,"{'value': '0x10d723cdae2b0cdecaba', 'address': '0xad996a45fd2373ed0b10efa4a8ecb9de445a4302', 'decimal': '0x12'}",{'blockTimestamp': '2022-05-11T19:31:45.000Z'}
754,0xe127b5,0x174fa5b97fbf87f12317d922d6b42b6c9406717856f237391d8aa4efec20e5ee:log:64,0x174fa5b97fbf87f12317d922d6b42b6c9406717856f237391d8aa4efec20e5ee,0x30da3d7a865c934b389c919c737510054111ab3a,0xf4efa119b67af251449ced01f1ea3f1c59a59c44,136444.97999999998,,,,SHI,erc20,"{'value': '0x1ce4b27ad9835e520000', 'address': '0xad996a45fd2373ed0b10efa4a8ecb9de445a4302', 'decimal': '0x12'}",{'blockTimestamp': '2022-05-11T15:57:23.000Z'}
755,0xe127ad,0xe04f7e9cb9e538bb88a402191f11fab5e8d46145071ec8046524edeb74215080:log:155,0xe04f7e9cb9e538bb88a402191f11fab5e8d46145071ec8046524edeb74215080,0x0000000000000000000000000000000000000000,0x30da3d7a865c934b389c919c737510054111ab3a,136444.97999999998,,,,SHI,erc20,"{'value': '0x1ce4b27ad9835e520000', 'address': '0xad996a45fd2373ed0b10efa4a8ecb9de445a4302', 'decimal': '0x12'}",{'blockTimestamp': '2022-05-11T15:54:37.000Z'}
756,0xe12253,0x993f36b38c2dfeba92698ac10fcdf46f901d85a387de5faec95bc692d7a81b16:log:213,0x993f36b38c2dfeba92698ac10fcdf46f901d85a387de5faec95bc692d7a81b16,0xb406f73b3501efa5224486f03b7e08f37bf30bcc,0x5427fefa711eff984124bfbb1ab6fbf5e3da1820,2097919.98,,,,SHI,erc20,"{'value': '0x01bc407851f9914c7e0000', 'address': '0xad996a45fd2373ed0b10efa4a8ecb9de445a4302', 'decimal': '0x12'}",{'blockTimestamp': '2022-05-11T10:40:52.000Z'}
757,0xe12174,0x2e8f3a5fee9fc644cc3c74fa1e585796939ca183d0d7835520c1c31aef066904:log:438,0x2e8f3a5fee9fc644cc3c74fa1e585796939ca183d0d7835520c1c31aef066904,0xabe69becebd23db9693d138ad2a8361a4eb2b827,0xae9daa2d8a9348765887207a1adc92e3bbc73d87,68000.0,,,,SHI,erc20,"{'value': '0x0e664992288f22800000', 'address': '0xad996a45fd2373ed0b10efa4a8ecb9de445a4302', 'decimal': '0x12'}",{'blockTimestamp': '2022-05-11T09:53:22.000Z'}
758,0xe1212e,0x971279f1d4bf70927920571d820b3babdd05e81723bec0bcc7b14ae4ad86a84c:log:152,0x971279f1d4bf70927920571d820b3babdd05e81723bec0bcc7b14ae4ad86a84c,0xc825dd260adc29b078eb4135679f22adb381488c,0xf4efa119b67af251449ced01f1ea3f1c59a59c44,90875.74999109746,,,,SHI,erc20,"{'value': '0x133e6260108b5bdb0500', 'address': '0xad996a45fd2373ed0b10efa4a8ecb9de445a4302', 'decimal': '0x12'}",{'blockTimestamp': '2022-05-11T09:37:54.000Z'}
759,0xe12126,0xe9fbecf1ff80a8eed33786d77d7f498f395be7ed1422cd1322386eccb846a129:log:187,0xe9fbecf1ff80a8eed33786d77d7f498f395be7ed1422cd1322386eccb846a129,0x0000000000000000000000000000000000000000,0xc825dd260adc29b078eb4135679f22adb381488c,90875.74999109746,,,,SHI,erc20,"{'value': '0x133e6260108b5bdb0500', 'address': '0xad996a45fd2373ed0b10efa4a8ecb9de445a4302', 'decimal': '0x12'}",{'blockTimestamp': '2022-05-11T09:36:29.000Z'}
760,0xe11f94,0xb7aee53edc28dd8d29d0327b523926c99ca821345d07a4d9974b8ed8138d0fe6:log:145,0xb7aee53edc28dd8d29d0327b523926c99ca821345d07a4d9974b8ed8138d0fe6,0x0000000000000000000000000000000000000000,0xb406f73b3501efa5224486f03b7e08f37bf30bcc,2097919.98,,,,SHI,erc20,"{'value': '0x01bc407851f9914c7e0000', 'address': '0xad996a45fd2373ed0b10efa4a8ecb9de445a4302', 'decimal': '0x12'}",{'blockTimestamp': '2022-05-11T07:59:29.000Z'}
761,0xe11f4f,0x03ba7285b4cfa755a7db79d1d4f15d103c258c38f2ee66f29f4cdb53ded6b8ee:log:177,0x03ba7285b4cfa755a7db79d1d4f15d103c258c38f2ee66f29f4cdb53ded6b8ee,0xe0b87ec34e91b0a8dd2cdbf53fee239a60ff6522,0xb3186f799ec434eecbfd811468139efa9e37c134,3124000.0,,,,SHI,erc20,"{'value': '0x029588611c92a0b8800000', 'address': '0xad996a45fd2373ed0b10efa4a8ecb9de445a4302', 'decimal': '0x12'}",{'blockTimestamp': '2022-05-11T07:44:21.000Z'}
762,0xe11e77,0x6d23de712dc1fdfffb054877d227197b1621130e85b5ebe622a564b6b944275b:log:56,0x6d23de712dc1fdfffb054877d227197b1621130e85b5ebe622a564b6b944275b,0xe0b87ec34e91b0a8dd2cdbf53fee239a60ff6522,0xb3186f799ec434eecbfd811468139efa9e37c134,1000.0,,,,SHI,erc20,"{'value': '0x3635c9adc5dea00000', 'address': '0xad996a45fd2373ed0b10efa4a8ecb9de445a4302', 'decimal': '0x12'}",{'blockTimestamp': '2022-05-11T06:54:20.000Z'}
763,0xe11dc0,0x89bd15a0614ca19e268e45c30a569317ba6246223b27e47bc8e90b96171cb64d:log:244,0x89bd15a0614ca19e268e45c30a569317ba6246223b27e47bc8e90b96171cb64d,0xb3a3d4cab3aefe6d8f0e699f94c8e5e3183caa2d,0xae9daa2d8a9348765887207a1adc92e3bbc73d87,113600.0,,,,SHI,erc20,"{'value': '0x180e44b1e96797000000', 'address': '0xad996a45fd2373ed0b10efa4a8ecb9de445a4302', 'decimal': '0x12'}",{'blockTimestamp': '2022-05-11T06:16:28.000Z'}
764,0xe11a19,0xcef4b00d7196dc39fc267ffc741e0d295b8cc1c674e11c2aec0de21c75a3a473:log:182,0xcef4b00d7196dc39fc267ffc741e0d295b8cc1c674e11c2aec0de21c75a3a473,0x860816d4b2533c36960f45f95364864c8ac99333,0xae9daa2d8a9348765887207a1adc92e3bbc73d87,32991.0,,,,SHI,erc20,"{'value': '0x06fc7218fa30d01c0000', 'address': '0xad996a45fd2373ed0b10efa4a8ecb9de445a4302', 'decimal': '0x12'}",{'blockTimestamp': '2022-05-11T02:46:50.000Z'}
765,0xe115d7,0x7d7ce2333d504bf452c0a99c0c46d0cecd198921086bcd9fa7fbf91efcc8e9ad:log:86,0x7d7ce2333d504bf452c0a99c0c46d0cecd198921086bcd9fa7fbf91efcc8e9ad,0x20de6eeb43ab26d39801d447d0a19bded9603f7c,0xae9daa2d8a9348765887207a1adc92e3bbc73d87,444918.00000000006,,,,SHI,erc20,"{'value': '0x5e370d988b685e180000', 'address': '0xad996a45fd2373ed0b10efa4a8ecb9de445a4302', 'decimal': '0x12'}",{'blockTimestamp': '2022-05-10T22:29:41.000Z'}
766,0xe1157b,0xced09ef42f9f987601c857b9c0ec267ff2fc930bb16f2a16e5ea9a0a77cb5102:log:55,0xced09ef42f9f987601c857b9c0ec267ff2fc930bb16f2a16e5ea9a0a77cb5102,0x0000000000000000000000000000000000000000,0x20de6eeb43ab26d39801d447d0a19bded9603f7c,444918.98,,,,SHI,erc20,"{'value': '0x5e371b32343725fa0000', 'address': '0xad996a45fd2373ed0b10efa4a8ecb9de445a4302', 'decimal': '0x12'}",{'blockTimestamp': '2022-05-10T22:08:07.000Z'}
767,0xe1141c,0xf13b542a1482318fe1db55d9e3c0cb3ac8df50a7b0a9321f69e18548524793de:log:81,0xf13b542a1482318fe1db55d9e3c0cb3ac8df50a7b0a9321f69e18548524793de,0xb0f0c2af5a6046bd2ed32f2028e547ce743a8090,0xae9daa2d8a9348765887207a1adc92e3bbc73d87,24377.0,,,,SHI,erc20,"{'value': '0x05297ad5591e61440000', 'address': '0xad996a45fd2373ed0b10efa4a8ecb9de445a4302', 'decimal': '0x12'}",{'blockTimestamp': '2022-05-10T20:49:01.000Z'}
768,0xe11411,0xe2cc39fd21b5ce80ee516eeafc90f3ff5340375da0d2ae48ceebd744380b0a33:log:220,0xe2cc39fd21b5ce80ee516eeafc90f3ff5340375da0d2ae48ceebd744380b0a33,0xb0f0c2af5a6046bd2ed32f2028e547ce743a8090,0xae9daa2d8a9348765887207a1adc92e3bbc73d87,30000.0,,,,SHI,erc20,"{'value': '0x065a4da25d3016c00000', 'address': '0xad996a45fd2373ed0b10efa4a8ecb9de445a4302', 'decimal': '0x12'}",{'blockTimestamp': '2022-05-10T20:46:30.000Z'}
769,0xe11408,0xb447d4f6eee58e34d527335cdc35593b207ef7ee339609f31462b1efb6554188:log:173,0xb447d4f6eee58e34d527335cdc35593b207ef7ee339609f31462b1efb6554188,0xb0f0c2af5a6046bd2ed32f2028e547ce743a8090,0xae9daa2d8a9348765887207a1adc92e3bbc73d87,99999.99999999999,,,,SHI,erc20,"{'value': '0x152d02c7e14af6800000', 'address': '0xad996a45fd2373ed0b10efa4a8ecb9de445a4302', 'decimal': '0x12'}",{'blockTimestamp': '2022-05-10T20:45:06.000Z'}
770,0xe113d2,0x2bf0258e5659097088d059caef3724f117596d9ed0a0e74c20882855b55bc86f:log:124,0x2bf0258e5659097088d059caef3724f117596d9ed0a0e74c20882855b55bc86f,0x5427fefa711eff984124bfbb1ab6fbf5e3da1820,0xb0f0c2af5a6046bd2ed32f2028e547ce743a8090,154377.5584210399,,,,SHI,erc20,"{'value': '0x20b0d2ff8093941d8120', 'address': '0xad996a45fd2373ed0b10efa4a8ecb9de445a4302', 'decimal': '0x12'}",{'blockTimestamp': '2022-05-10T20:32:06.000Z'}
771,0xe113af,0xeadf691b53f28aaa5e6136aced0567ca784cfba44aa1af777d40675245df8cdf:log:168,0xeadf691b53f28aaa5e6136aced0567ca784cfba44aa1af777d40675245df8cdf,0x3465d2989e8969282d80066422f1cca8c83a46db,0xae9daa2d8a9348765887207a1adc92e3bbc73d87,14259.999999999998,,,,SHI,erc20,"{'value': '0x030509410f482e500000', 'address': '0xad996a45fd2373ed0b10efa4a8ecb9de445a4302', 'decimal': '0x12'}",{'blockTimestamp': '2022-05-10T20:24:06.000Z'}
772,0xe11386,0x61515a64afa017fd29e9d162f987eeadd5de5186f682a3b0e80cc2103943c498:log:298,0x61515a64afa017fd29e9d162f987eeadd5de5186f682a3b0e80cc2103943c498,0x5f807debc24f673448c29db464240c1ba6d0612e,0xae9daa2d8a9348765887207a1adc92e3bbc73d87,60264.53,,,,SHI,erc20,"{'value': '0x0cc2f25c13d5ef950000', 'address': '0xad996a45fd2373ed0b10efa4a8ecb9de445a4302', 'decimal': '0x12'}",{'blockTimestamp': '2022-05-10T20:15:42.000Z'}
773,0xe1137c,0x0a6d92ed02f23e57a3cd827041247b8ebd7732f42a698ef7e57c4287bba7001f:log:505,0x0a6d92ed02f23e57a3cd827041247b8ebd7732f42a698ef7e57c4287bba7001f,0x5427fefa711eff984124bfbb1ab6fbf5e3da1820,0x9d82b6d9e4c934f06294ec770c8fb6a962c533e9,1109.5070398573355,,,,SHI,erc20,"{'value': '0x3c2580d6547ba66759', 'address': '0xad996a45fd2373ed0b10efa4a8ecb9de445a4302', 'decimal': '0x12'}",{'blockTimestamp': '2022-05-10T20:12:58.000Z'}
774,0xe112a3,0x0c27d0463145128f3666cf1d5f669ecb65016964e13823a88018d0ef64ebd5b5:log:77,0x0c27d0463145128f3666cf1d5f669ecb65016964e13823a88018d0ef64ebd5b5,0x26d52652342dc85d5492bb13c563cc04685ca348,0xae9daa2d8a9348765887207a1adc92e3bbc73d87,99999.99999999999,,,,SHI,erc20,"{'value': '0x152d02c7e14af6800000', 'address': '0xad996a45fd2373ed0b10efa4a8ecb9de445a4302', 'decimal': '0x12'}",{'blockTimestamp': '2022-05-10T19:23:15.000Z'}
775,0xe11253,0x09210df4bedc2dc68d12d5c38280480229a948e7c22fd252bf9723e643b79d2b:log:291,0x09210df4bedc2dc68d12d5c38280480229a948e7c22fd252bf9723e643b79d2b,0x5427fefa711eff984124bfbb1ab6fbf5e3da1820,0x26d52652342dc85d5492bb13c563cc04685ca348,100034.49118954976,,,,SHI,erc20,"{'value': '0x152ee1713372388add6d', 'address': '0xad996a45fd2373ed0b10efa4a8ecb9de445a4302', 'decimal': '0x12'}",{'blockTimestamp': '2022-05-10T19:08:42.000Z'}
776,0xe11168,0x80178f2ab51387b2cd6ff4e4e92bc2d4bdb772314922b5d9af6ea4aafa87c99d:log:338,0x80178f2ab51387b2cd6ff4e4e92bc2d4bdb772314922b5d9af6ea4aafa87c99d,0x57058436800f90c7295b4f16b6a7c6ef61cb6b6f,0xae9daa2d8a9348765887207a1adc92e3bbc73d87,49999.99999999999,,,,SHI,erc20,"{'value': '0x0a968163f0a57b400000', 'address': '0xad996a45fd2373ed0b10efa4a8ecb9de445a4302', 'decimal': '0x12'}",{'blockTimestamp': '2022-05-10T18:17:50.000Z'}
777,0xe11153,0x2628e31a03fb81a76d5d67858934c3ef61336cff92e6485f500eab00daf2b667:log:73,0x2628e31a03fb81a76d5d67858934c3ef61336cff92e6485f500eab00daf2b667,0x0000000000000000000000000000000000000000,0x57058436800f90c7295b4f16b6a7c6ef61cb6b6f,50023.88,,,,SHI,erc20,"{'value': '0x0a97cccabe1fef940000', 'address': '0xad996a45fd2373ed0b10efa4a8ecb9de445a4302', 'decimal': '0x12'}",{'blockTimestamp': '2022-05-10T18:13:24.000Z'}
778,0xe10fc5,0xb88fc5d29ce246232b6630be083ac81478902390ae8bb650c1a01417f03a8241:log:240,0xb88fc5d29ce246232b6630be083ac81478902390ae8bb650c1a01417f03a8241,0x5427fefa711eff984124bfbb1ab6fbf5e3da1820,0x5f807debc24f673448c29db464240c1ba6d0612e,60264.534590911564,,,,SHI,erc20,"{'value': '0x0cc2f26c633ed44c38f5', 'address': '0xad996a45fd2373ed0b10efa4a8ecb9de445a4302', 'decimal': '0x12'}",{'blockTimestamp': '2022-05-10T16:37:42.000Z'}
779,0xe10ee6,0x95168237e7184e1fabc3882df540536ddf9ffce5aa17d9edea09e5857b5f18f5:log:106,0x95168237e7184e1fabc3882df540536ddf9ffce5aa17d9edea09e5857b5f18f5,0xe5f01e0c0e9227a1c83549bc2fb3e104e2e122d4,0xae9daa2d8a9348765887207a1adc92e3bbc73d87,22769.000000000004,,,,SHI,erc20,"{'value': '0x04d24f59c0aaf5240000', 'address': '0xad996a45fd2373ed0b10efa4a8ecb9de445a4302', 'decimal': '0x12'}",{'blockTimestamp': '2022-05-10T15:38:55.000Z'}
780,0xe10eb0,0xdc6bd5f2a3c30e72e1d8a33b670f03e155dc67152cd5f80d70ce7d46723cef51:log:224,0xdc6bd5f2a3c30e72e1d8a33b670f03e155dc67152cd5f80d70ce7d46723cef51,0x4fde9dae5cac866aef08caee207db9691f37f822,0xae9daa2d8a9348765887207a1adc92e3bbc73d87,9485.0,,,,SHI,erc20,"{'value': '0x02022ed13e50f4140000', 'address': '0xad996a45fd2373ed0b10efa4a8ecb9de445a4302', 'decimal': '0x12'}",{'blockTimestamp': '2022-05-10T15:25:34.000Z'}
781,0xe10e64,0x8973538f03a34aa0af7f4fc53c71473c6181556109adf4a62277756716d63f43:log:581,0x8973538f03a34aa0af7f4fc53c71473c6181556109adf4a62277756716d63f43,0x5427fefa711eff984124bfbb1ab6fbf5e3da1820,0xe5f01e0c0e9227a1c83549bc2fb3e104e2e122d4,22769.639917593162,,,,SHI,erc20,"{'value': '0x04d2583b32540f04140f', 'address': '0xad996a45fd2373ed0b10efa4a8ecb9de445a4302', 'decimal': '0x12'}",{'blockTimestamp': '2022-05-10T15:11:33.000Z'}
782,0xe10c73,0xd9f0b1bae9fef3b6a535e954d1250f729cb841314300a13acab7666aa1cecaa9:log:431,0xd9f0b1bae9fef3b6a535e954d1250f729cb841314300a13acab7666aa1cecaa9,0x5427fefa711eff984124bfbb1ab6fbf5e3da1820,0xe2e23a24fd9f678af60b1567ffbb14a98299762c,21684.557335665235,,,,SHI,erc20,"{'value': '0x049785af77142d3b50c6', 'address': '0xad996a45fd2373ed0b10efa4a8ecb9de445a4302', 'decimal': '0x12'}",{'blockTimestamp': '2022-05-10T13:20:12.000Z'}
783,0xe10c3a,0x8823ccbf7533bbf3b34b1cc1771f49a9391ca7507f0a7c642c5aeb6ec116502d:log:182,0x8823ccbf7533bbf3b34b1cc1771f49a9391ca7507f0a7c642c5aeb6ec116502d,0x135af4d5cfb95ddeb2ad5416c0d14f57fdcb1a95,0xae9daa2d8a9348765887207a1adc92e3bbc73d87,99999.99999999999,,,,SHI,erc20,"{'value': '0x152d02c7e14af6800000', 'address': '0xad996a45fd2373ed0b10efa4a8ecb9de445a4302', 'decimal': '0x12'}",{'blockTimestamp': '2022-05-10T13:04:25.000Z'}
784,0xe10c1c,0x31b7a955cec1560d8c9828d5be13cbf2248cff567d17625c2d73fa92be4988e1:log:328,0x31b7a955cec1560d8c9828d5be13cbf2248cff567d17625c2d73fa92be4988e1,0x5427fefa711eff984124bfbb1ab6fbf5e3da1820,0x135af4d5cfb95ddeb2ad5416c0d14f57fdcb1a95,135081.42264136963,,,,SHI,erc20,"{'value': '0x1c9ac751f8467d014277', 'address': '0xad996a45fd2373ed0b10efa4a8ecb9de445a4302', 'decimal': '0x12'}",{'blockTimestamp': '2022-05-10T12:57:11.000Z'}
785,0xe10aaa,0x305c4f7ea0afe03f803eb0198034ca008ea4a7bda189bd7c81d77bc724bb4fc3:log:253,0x305c4f7ea0afe03f803eb0198034ca008ea4a7bda189bd7c81d77bc724bb4fc3,0xb406f73b3501efa5224486f03b7e08f37bf30bcc,0x5427fefa711eff984124bfbb1ab6fbf5e3da1820,998976.98,,,,SHI,erc20,"{'value': '0xd38aa68da71ed8e20000', 'address': '0xad996a45fd2373ed0b10efa4a8ecb9de445a4302', 'decimal': '0x12'}",{'blockTimestamp': '2022-05-10T11:38:16.000Z'}
786,0xe10a79,0x1835f4efd3cfd3796bab2e57555bd8dff2ced55c176bf5a0bd40a51daa9da015:log:18,0x1835f4efd3cfd3796bab2e57555bd8dff2ced55c176bf5a0bd40a51daa9da015,0x0000000000000000000000000000000000000000,0xb406f73b3501efa5224486f03b7e08f37bf30bcc,998976.98,,,,SHI,erc20,"{'value': '0xd38aa68da71ed8e20000', 'address': '0xad996a45fd2373ed0b10efa4a8ecb9de445a4302', 'decimal': '0x12'}",{'blockTimestamp': '2022-05-10T11:25:50.000Z'}
787,0xe10a5f,0x620d0c1828c5c173c8e8803ff747cdbd755737fc7630e85790d3ce98bcbe0756:log:342,0x620d0c1828c5c173c8e8803ff747cdbd755737fc7630e85790d3ce98bcbe0756,0x96141e0b5b656dc13689c5d372305411313b811d,0xae9daa2d8a9348765887207a1adc92e3bbc73d87,53686.0,,,,SHI,erc20,"{'value': '0x0b5e52ea8f61a5180000', 'address': '0xad996a45fd2373ed0b10efa4a8ecb9de445a4302', 'decimal': '0x12'}",{'blockTimestamp': '2022-05-10T11:19:36.000Z'}
788,0xe10a49,0xfc1abdbe13203fbb9a3a35a718f40568d7b2ac1b4c0d1fa185cb7d152c6fce32:log:47,0xfc1abdbe13203fbb9a3a35a718f40568d7b2ac1b4c0d1fa185cb7d152c6fce32,0x4f3582d13c9bc28592e80e2542223f61572c710e,0xae9daa2d8a9348765887207a1adc92e3bbc73d87,18888.68,,,,SHI,erc20,"{'value': '0x03fff517cf7bf9640000', 'address': '0xad996a45fd2373ed0b10efa4a8ecb9de445a4302', 'decimal': '0x12'}",{'blockTimestamp': '2022-05-10T11:15:14.000Z'}
789,0xe10a44,0x74f17c8e12fb8c94fb1cb1b6834c5d375e454af667c50f34c8d3d98c6c613448:log:36,0x74f17c8e12fb8c94fb1cb1b6834c5d375e454af667c50f34c8d3d98c6c613448,0xaa4c763ebe5d7330a2e94baa6a2c060948b7aed1,0xae9daa2d8a9348765887207a1adc92e3bbc73d87,750000.0,,,,SHI,erc20,"{'value': '0x9ed194db19b238c00000', 'address': '0xad996a45fd2373ed0b10efa4a8ecb9de445a4302', 'decimal': '0x12'}",{'blockTimestamp': '2022-05-10T11:14:21.000Z'}
790,0xe10939,0x813ac0fc2474ec5ca0702604e12811d0e1e3229b1caf676ad40fc5ca6ee151b7:log:140,0x813ac0fc2474ec5ca0702604e12811d0e1e3229b1caf676ad40fc5ca6ee151b7,0xded6d65b6e05934496eba317202939781a4a150d,0xae9daa2d8a9348765887207a1adc92e3bbc73d87,38176.0,,,,SHI,erc20,"{'value': '0x0815866d66e220800000', 'address': '0xad996a45fd2373ed0b10efa4a8ecb9de445a4302', 'decimal': '0x12'}",{'blockTimestamp': '2022-05-10T10:09:28.000Z'}
791,0xe107e0,0x11379bf67e78824739ee586de365e5a40e985835db222c17d55dab9282f50534:log:330,0x11379bf67e78824739ee586de365e5a40e985835db222c17d55dab9282f50534,0x5427fefa711eff984124bfbb1ab6fbf5e3da1820,0x23f18e8b092a0dc39dccb71eed2ee34e0072aa89,16881.345794596313,,,,SHI,erc20,"{'value': '0x039323bc1efb67ae427d', 'address': '0xad996a45fd2373ed0b10efa4a8ecb9de445a4302', 'decimal': '0x12'}",{'blockTimestamp': '2022-05-10T08:43:05.000Z'}
792,0xe107ca,0x7722849159f553a324d9cbaf9b3bce168fe6a2f7aa7377a88b2b4d9ef43b56b5:log:40,0x7722849159f553a324d9cbaf9b3bce168fe6a2f7aa7377a88b2b4d9ef43b56b5,0x5427fefa711eff984124bfbb1ab6fbf5e3da1820,0xe41b3736a2b8384304f83815f7a9875ffd1e325b,36836.41045233037,,,,SHI,erc20,"{'value': '0x07cce7e34aba35ecbc8c', 'address': '0xad996a45fd2373ed0b10efa4a8ecb9de445a4302', 'decimal': '0x12'}",{'blockTimestamp': '2022-05-10T08:38:16.000Z'}
793,0xe107c8,0x242569637bf74ca75b691c7acbfc9ca88f4d80214e30b487b9aac11f6b08b847:log:3,0x242569637bf74ca75b691c7acbfc9ca88f4d80214e30b487b9aac11f6b08b847,0x0000000000000000000000000000000000000000,0xaa4c763ebe5d7330a2e94baa6a2c060948b7aed1,1759206.033,,,,SHI,erc20,"{'value': '0x017486c00944789d6e8000', 'address': '0xad996a45fd2373ed0b10efa4a8ecb9de445a4302', 'decimal': '0x12'}",{'blockTimestamp': '2022-05-10T08:37:57.000Z'}
794,0xe10705,0xaca0cd12d1effb170fef46bdb4568a5381cea804c604241299f2e49fef380bf2:log:235,0xaca0cd12d1effb170fef46bdb4568a5381cea804c604241299f2e49fef380bf2,0xc8b1774ef80800420e588e6723074bf429323b40,0xae9daa2d8a9348765887207a1adc92e3bbc73d87,62098.0,,,,SHI,erc20,"{'value': '0x0d2656de06b1ff080000', 'address': '0xad996a45fd2373ed0b10efa4a8ecb9de445a4302', 'decimal': '0x12'}",{'blockTimestamp': '2022-05-10T07:53:55.000Z'}
795,0xe106f1,0x3a39bb07578e0836fd72e232123013546f56d3744012d3022e43c3e80d3dcc3f:log:293,0x3a39bb07578e0836fd72e232123013546f56d3744012d3022e43c3e80d3dcc3f,0xabe69becebd23db9693d138ad2a8361a4eb2b827,0xae9daa2d8a9348765887207a1adc92e3bbc73d87,135000.0,,,,SHI,erc20,"{'value': '0x1c965d5aa35866600000', 'address': '0xad996a45fd2373ed0b10efa4a8ecb9de445a4302', 'decimal': '0x12'}",{'blockTimestamp': '2022-05-10T07:49:38.000Z'}
796,0xe106e9,0x94096922b07fb768d521e5e864a72e88169ae24b60adf3da292f447785c55a08:log:130,0x94096922b07fb768d521e5e864a72e88169ae24b60adf3da292f447785c55a08,0xabe69becebd23db9693d138ad2a8361a4eb2b827,0xae9daa2d8a9348765887207a1adc92e3bbc73d87,135000.0,,,,SHI,erc20,"{'value': '0x1c965d5aa35866600000', 'address': '0xad996a45fd2373ed0b10efa4a8ecb9de445a4302', 'decimal': '0x12'}",{'blockTimestamp': '2022-05-10T07:48:26.000Z'}
797,0xe106c7,0x13f14fdcc0d9a3d09f64a5e23fcc78668cc10f1a7d176486c4c605488483f70e:log:31,0x13f14fdcc0d9a3d09f64a5e23fcc78668cc10f1a7d176486c4c605488483f70e,0xd7f66ae33fc413a7bff5e5f7fd5c59a228d08a2b,0xae9daa2d8a9348765887207a1adc92e3bbc73d87,166000.0,,,,SHI,erc20,"{'value': '0x2326e0c6ae4e5bc00000', 'address': '0xad996a45fd2373ed0b10efa4a8ecb9de445a4302', 'decimal': '0x12'}",{'blockTimestamp': '2022-05-10T07:40:10.000Z'}
798,0xe1067e,0x8033929f7557fb04079927ce6ab3887cd55072aca32145901213e17b19b181a3:log:184,0x8033929f7557fb04079927ce6ab3887cd55072aca32145901213e17b19b181a3,0xdbd4822a85e34862ff2e3f550c244d45a818f33f,0xae9daa2d8a9348765887207a1adc92e3bbc73d87,14975.08,,,,SHI,erc20,"{'value': '0x032bccfb8ea030a40000', 'address': '0xad996a45fd2373ed0b10efa4a8ecb9de445a4302', 'decimal': '0x12'}",{'blockTimestamp': '2022-05-10T07:21:52.000Z'}
799,0xe10664,0xf222c9e92627e4a2b2d13a449737978a111b55021e6996f9dd6996b804bdcc57:log:256,0xf222c9e92627e4a2b2d13a449737978a111b55021e6996f9dd6996b804bdcc57,0xba955fa918278ad7524b0895a95f1fab85e4173b,0xae9daa2d8a9348765887207a1adc92e3bbc73d87,60000.0,,,,SHI,erc20,"{'value': '0x0cb49b44ba602d800000', 'address': '0xad996a45fd2373ed0b10efa4a8ecb9de445a4302', 'decimal': '0x12'}",{'blockTimestamp': '2022-05-10T07:16:01.000Z'}
800,0xe104d7,0x4db6a9626ff46c94370fb21681aade4e45fcd11a714fc43144f8850942f910f6:log:386,0x4db6a9626ff46c94370fb21681aade4e45fcd11a714fc43144f8850942f910f6,0x5427fefa711eff984124bfbb1ab6fbf5e3da1820,0xdbd4822a85e34862ff2e3f550c244d45a818f33f,14975.083921695717,,,,SHI,erc20,"{'value': '0x032bcd097d6320b1c961', 'address': '0xad996a45fd2373ed0b10efa4a8ecb9de445a4302', 'decimal': '0x12'}",{'blockTimestamp': '2022-05-10T05:35:39.000Z'}
801,0xe10480,0x772072655b85711fe1688dc85efd2e2e16c07132cc96c6640cdec8997419a9ba:log:417,0x772072655b85711fe1688dc85efd2e2e16c07132cc96c6640cdec8997419a9ba,0x5427fefa711eff984124bfbb1ab6fbf5e3da1820,0xb3a3d4cab3aefe6d8f0e699f94c8e5e3183caa2d,113651.64122237837,,,,SHI,erc20,"{'value': '0x1811115c638d0569db36', 'address': '0xad996a45fd2373ed0b10efa4a8ecb9de445a4302', 'decimal': '0x12'}",{'blockTimestamp': '2022-05-10T05:17:51.000Z'}
802,0xe1039f,0x64ad5422e83ec76b4841351c0606f90565ef7cd0d2544615911e9be6c523261e:log:121,0x64ad5422e83ec76b4841351c0606f90565ef7cd0d2544615911e9be6c523261e,0xf0ca2f2bd1cc9ad96ba0e3a27ce9e8fe7f11c98e,0xae9daa2d8a9348765887207a1adc92e3bbc73d87,792865.0,,,,SHI,erc20,"{'value': '0xa7e54c3af13157e40000', 'address': '0xad996a45fd2373ed0b10efa4a8ecb9de445a4302', 'decimal': '0x12'}",{'blockTimestamp': '2022-05-10T04:25:59.000Z'}
803,0xe0fec1,0x020fad898bf3285bbee3c6a1ac3b848d9b8de396c5902b1fb05fe83272b94c94:log:363,0x020fad898bf3285bbee3c6a1ac3b848d9b8de396c5902b1fb05fe83272b94c94,0xf4efa119b67af251449ced01f1ea3f1c59a59c44,0x5137b75dc3a3c1da10c558c76f58549eaa0adcf5,1656.0,,,,SHI,erc20,"{'value': '0x59c59dda22cee00000', 'address': '0xad996a45fd2373ed0b10efa4a8ecb9de445a4302', 'decimal': '0x12'}",{'blockTimestamp': '2022-05-09T23:41:37.000Z'}
804,0xe0fe51,0x20ba7ff66e31805800376cb68752683b84ff68724b9f128ac248d6a22b24f3da:log:118,0x20ba7ff66e31805800376cb68752683b84ff68724b9f128ac248d6a22b24f3da,0x0000000000000000000000000000000000000000,0x5137b75dc3a3c1da10c558c76f58549eaa0adcf5,8384.912897006596,,,,SHI,erc20,"{'value': '0x01c68c0abea7ada67dfc', 'address': '0xad996a45fd2373ed0b10efa4a8ecb9de445a4302', 'decimal': '0x12'}",{'blockTimestamp': '2022-05-09T23:15:56.000Z'}
805,0xe0fe22,0xdab6838f6239c1dc63d71a84c157ce34bedc7a5bee9dc2d882fd76a398581345:log:150,0xdab6838f6239c1dc63d71a84c157ce34bedc7a5bee9dc2d882fd76a398581345,0x5137b75dc3a3c1da10c558c76f58549eaa0adcf5,0x0000000000000000000000000000000000000000,9471.872897006595,,,,SHI,erc20,"{'value': '0x020178a467b1b03e7dfc', 'address': '0xad996a45fd2373ed0b10efa4a8ecb9de445a4302', 'decimal': '0x12'}",{'blockTimestamp': '2022-05-09T23:04:37.000Z'}
806,0xe0fda0,0x770ccd07a443a4572abbee692f55e590c4cf5b05834f63406942eb640b353f1c:log:390,0x770ccd07a443a4572abbee692f55e590c4cf5b05834f63406942eb640b353f1c,0x0000000000000000000000000000000000000000,0x5137b75dc3a3c1da10c558c76f58549eaa0adcf5,9471.872897006595,,,,SHI,erc20,"{'value': '0x020178a467b1b03e7dfc', 'address': '0xad996a45fd2373ed0b10efa4a8ecb9de445a4302', 'decimal': '0x12'}",{'blockTimestamp': '2022-05-09T22:32:42.000Z'}
807,0xe0fcb0,0x4e22f9f918c4be078afe01ec73433a56c3ba680f71682fd098415193a5652fbd:log:80,0x4e22f9f918c4be078afe01ec73433a56c3ba680f71682fd098415193a5652fbd,0x01ac54c06d8b04a0950f30a263c2d1a0fce6514e,0xae9daa2d8a9348765887207a1adc92e3bbc73d87,27349.0,,,,SHI,erc20,"{'value': '0x05ca979e66c9ae340000', 'address': '0xad996a45fd2373ed0b10efa4a8ecb9de445a4302', 'decimal': '0x12'}",{'blockTimestamp': '2022-05-09T21:36:47.000Z'}
808,0xe0f983,0xeec5e3dd0f5dc03ab691de69c43781a790327a6869c52317e6303ab90547eec3:log:266,0xeec5e3dd0f5dc03ab691de69c43781a790327a6869c52317e6303ab90547eec3,0xbd58a8098be5174b189dc67a3a07c38ef86f8545,0xae9daa2d8a9348765887207a1adc92e3bbc73d87,112907.0,,,,SHI,erc20,"{'value': '0x17e8b3635513754c0000', 'address': '0xad996a45fd2373ed0b10efa4a8ecb9de445a4302', 'decimal': '0x12'}",{'blockTimestamp': '2022-05-09T18:31:04.000Z'}
809,0xe0f946,0xa5e10c723282b236bc48e87b346809bc32e745ee0e19f1240283ce9182a54dc3:log:617,0xa5e10c723282b236bc48e87b346809bc32e745ee0e19f1240283ce9182a54dc3,0x5427fefa711eff984124bfbb1ab6fbf5e3da1820,0xded6d65b6e05934496eba317202939781a4a150d,38176.3351407333,,,,SHI,erc20,"{'value': '0x08158b140f9ac6d8773c', 'address': '0xad996a45fd2373ed0b10efa4a8ecb9de445a4302', 'decimal': '0x12'}",{'blockTimestamp': '2022-05-09T18:19:55.000Z'}
810,0xe0f7c1,0xabbb600d390fc1b67dcf0bbde5b51fbcfc2f1ea9b1aaba5ccc2ab8fb8cdad164:log:430,0xabbb600d390fc1b67dcf0bbde5b51fbcfc2f1ea9b1aaba5ccc2ab8fb8cdad164,0x5427fefa711eff984124bfbb1ab6fbf5e3da1820,0xbd58a8098be5174b189dc67a3a07c38ef86f8545,112907.93959227811,,,,SHI,erc20,"{'value': '0x17e8c06d6f465808b677', 'address': '0xad996a45fd2373ed0b10efa4a8ecb9de445a4302', 'decimal': '0x12'}",{'blockTimestamp': '2022-05-09T16:47:45.000Z'}
811,0xe0f6f5,0x6a218febd7cbbeb406e7e9f76fb9b2f3a89451fd051ae8744fe577e024422a4e:log:432,0x6a218febd7cbbeb406e7e9f76fb9b2f3a89451fd051ae8744fe577e024422a4e,0x5427fefa711eff984124bfbb1ab6fbf5e3da1820,0xabe69becebd23db9693d138ad2a8361a4eb2b827,406447.6319712167,,,,SHI,erc20,"{'value': '0x561191fdd1f98022a1f1', 'address': '0xad996a45fd2373ed0b10efa4a8ecb9de445a4302', 'decimal': '0x12'}",{'blockTimestamp': '2022-05-09T15:59:07.000Z'}
812,0xe0f68f,0x7eb0373bda8c4b5f3d0e6c9b82b0862a53454f134eab424161476a6bd8e14282:log:136,0x7eb0373bda8c4b5f3d0e6c9b82b0862a53454f134eab424161476a6bd8e14282,0x0000000000000000000000000000000000000000,0x860816d4b2533c36960f45f95364864c8ac99333,32991.08,,,,SHI,erc20,"{'value': '0x06fc733531c44e240000', 'address': '0xad996a45fd2373ed0b10efa4a8ecb9de445a4302', 'decimal': '0x12'}",{'blockTimestamp': '2022-05-09T15:34:51.000Z'}
813,0xe0f61b,0x122339914285e8ef6bdddcf65491618837d8fca83e7ddbc92e3ac95418bb2544:log:305,0x122339914285e8ef6bdddcf65491618837d8fca83e7ddbc92e3ac95418bb2544,0xdda96f9b7bba815e721f32c8e486c873b273bc18,0xae9daa2d8a9348765887207a1adc92e3bbc73d87,83584.0,,,,SHI,erc20,"{'value': '0x11b3190420fd0a000000', 'address': '0xad996a45fd2373ed0b10efa4a8ecb9de445a4302', 'decimal': '0x12'}",{'blockTimestamp': '2022-05-09T15:04:43.000Z'}
814,0xe0f616,0xf02f6419f5992bd696975fc7329b7b99b855099353e11407f2687e76a5a480d4:log:64,0xf02f6419f5992bd696975fc7329b7b99b855099353e11407f2687e76a5a480d4,0xdda96f9b7bba815e721f32c8e486c873b273bc18,0xae9daa2d8a9348765887207a1adc92e3bbc73d87,166000.0,,,,SHI,erc20,"{'value': '0x2326e0c6ae4e5bc00000', 'address': '0xad996a45fd2373ed0b10efa4a8ecb9de445a4302', 'decimal': '0x12'}",{'blockTimestamp': '2022-05-09T15:03:10.000Z'}
815,0xe0f608,0x324ff6d5b23a225b99441017d123ee182faf4aeba41179f65769aeff507d2a8b:log:430,0x324ff6d5b23a225b99441017d123ee182faf4aeba41179f65769aeff507d2a8b,0xf4efa119b67af251449ced01f1ea3f1c59a59c44,0x623c72cb71dd583de01ada0ae48f01423bb904fd,3597.5979702421773,,,,SHI,erc20,"{'value': '0xc306b3850b57527fbc', 'address': '0xad996a45fd2373ed0b10efa4a8ecb9de445a4302', 'decimal': '0x12'}",{'blockTimestamp': '2022-05-09T14:58:43.000Z'}
816,0xe0f5f4,0x2057db87595a514d3c7f1e5c8f8c8244be5acdc905c4e7f07d9dbc17bf02f699:log:283,0x2057db87595a514d3c7f1e5c8f8c8244be5acdc905c4e7f07d9dbc17bf02f699,0x623c72cb71dd583de01ada0ae48f01423bb904fd,0xae9daa2d8a9348765887207a1adc92e3bbc73d87,80000.0,,,,SHI,erc20,"{'value': '0x10f0cf064dd592000000', 'address': '0xad996a45fd2373ed0b10efa4a8ecb9de445a4302', 'decimal': '0x12'}",{'blockTimestamp': '2022-05-09T14:53:44.000Z'}
817,0xe0f50c,0x6fb69da4b2cc9d57403c78ee9d2a173918bc228de16f72c2e15f54f4226edfcc:log:30,0x6fb69da4b2cc9d57403c78ee9d2a173918bc228de16f72c2e15f54f4226edfcc,0x8a3c47ba812d2719de4d3105e86293e314a6ab71,0xae9daa2d8a9348765887207a1adc92e3bbc73d87,20641.000000000004,,,,SHI,erc20,"{'value': '0x045ef36b0b4b85e40000', 'address': '0xad996a45fd2373ed0b10efa4a8ecb9de445a4302', 'decimal': '0x12'}",{'blockTimestamp': '2022-05-09T13:53:25.000Z'}
818,0xe0f503,0x5324872ec7106fa8e3ef2bea1c93e2fc7d2be994ec310f030660cf5271f82466:log:117,0x5324872ec7106fa8e3ef2bea1c93e2fc7d2be994ec310f030660cf5271f82466,0x70aade6ae0c73fa61ca3a6c276f60c235901065f,0xae9daa2d8a9348765887207a1adc92e3bbc73d87,76746.0,,,,SHI,erc20,"{'value': '0x104068b3fe43e0e80000', 'address': '0xad996a45fd2373ed0b10efa4a8ecb9de445a4302', 'decimal': '0x12'}",{'blockTimestamp': '2022-05-09T13:50:30.000Z'}
819,0xe0f4dc,0x5d3c1fc30f461e99a53fa02147f948f3a80521fd0d9f9f400f2bf78555cca79c:log:408,0x5d3c1fc30f461e99a53fa02147f948f3a80521fd0d9f9f400f2bf78555cca79c,0x5427fefa711eff984124bfbb1ab6fbf5e3da1820,0x1672620300ed947c84fae87b25cc99700ebb6d09,30497.836253926936,,,,SHI,erc20,"{'value': '0x06754a80087c21085516', 'address': '0xad996a45fd2373ed0b10efa4a8ecb9de445a4302', 'decimal': '0x12'}",{'blockTimestamp': '2022-05-09T13:44:03.000Z'}
820,0xe0f4d6,0xfe2813d17f8cb8429891fe16e0175aeb991265abb7a059ebef2eba6c707e3faf:log:542,0xfe2813d17f8cb8429891fe16e0175aeb991265abb7a059ebef2eba6c707e3faf,0x5427fefa711eff984124bfbb1ab6fbf5e3da1820,0x05cbbec10e43dab303daf432bb4c5dfe2d82615b,25211.99990224259,,,,SHI,erc20,"{'value': '0x0556bec8ec3070d61978', 'address': '0xad996a45fd2373ed0b10efa4a8ecb9de445a4302', 'decimal': '0x12'}",{'blockTimestamp': '2022-05-09T13:42:41.000Z'}
821,0xe0f4d6,0xceece9c626d7e4836f700a7a697156fb579cc08416ddbc920d4591fb3f96b678:log:540,0xceece9c626d7e4836f700a7a697156fb579cc08416ddbc920d4591fb3f96b678,0x5427fefa711eff984124bfbb1ab6fbf5e3da1820,0x8a3c47ba812d2719de4d3105e86293e314a6ab71,20641.929339663962,,,,SHI,erc20,"{'value': '0x045f0050b8cba81526fc', 'address': '0xad996a45fd2373ed0b10efa4a8ecb9de445a4302', 'decimal': '0x12'}",{'blockTimestamp': '2022-05-09T13:42:41.000Z'}
822,0xe0f4be,0xac0b28458dabb5d5505926efbb740e8ea98877615db1138589b9b27196f17240:log:489,0xac0b28458dabb5d5505926efbb740e8ea98877615db1138589b9b27196f17240,0xde5e9ade0461440eec0a3ca104a13d093046384b,0xae9daa2d8a9348765887207a1adc92e3bbc73d87,50499.0,,,,SHI,erc20,"{'value': '0x0ab18e6810d4c32c0000', 'address': '0xad996a45fd2373ed0b10efa4a8ecb9de445a4302', 'decimal': '0x12'}",{'blockTimestamp': '2022-05-09T13:36:24.000Z'}
823,0xe0f4ab,0x4007499f762307e31e668cd11eeec0a5b26ac514acc6d6ca6da5bb07aedeb784:log:495,0x4007499f762307e31e668cd11eeec0a5b26ac514acc6d6ca6da5bb07aedeb784,0x1753d3e254db740793dfb671d4a2bf66e0578161,0xae9daa2d8a9348765887207a1adc92e3bbc73d87,300000.0,,,,SHI,erc20,"{'value': '0x3f870857a3e0e3800000', 'address': '0xad996a45fd2373ed0b10efa4a8ecb9de445a4302', 'decimal': '0x12'}",{'blockTimestamp': '2022-05-09T13:32:10.000Z'}
824,0xe0f4a8,0x7026797b2095491571ff3ab1659eb1e626c4e37272cba82785d94bbbd33d4cb3:log:252,0x7026797b2095491571ff3ab1659eb1e626c4e37272cba82785d94bbbd33d4cb3,0xde5e9ade0461440eec0a3ca104a13d093046384b,0xae9daa2d8a9348765887207a1adc92e3bbc73d87,41999.99999999999,,,,SHI,erc20,"{'value': '0x08e4d316827686400000', 'address': '0xad996a45fd2373ed0b10efa4a8ecb9de445a4302', 'decimal': '0x12'}",{'blockTimestamp': '2022-05-09T13:30:51.000Z'}
825,0xe0f491,0x2eb2d04234036a27285dad9d357437adb8bf3241bc43f1fd006ee9aa74b9a15f:log:335,0x2eb2d04234036a27285dad9d357437adb8bf3241bc43f1fd006ee9aa74b9a15f,0xa284183771a7f5b6583ddadcafb3143158d9c2e0,0xae9daa2d8a9348765887207a1adc92e3bbc73d87,215155.0,,,,SHI,erc20,"{'value': '0x2d8f936f8ff451ec0000', 'address': '0xad996a45fd2373ed0b10efa4a8ecb9de445a4302', 'decimal': '0x12'}",{'blockTimestamp': '2022-05-09T13:25:39.000Z'}
826,0xe0f489,0x30119869ecd02065772ef3e637808142a2782976727b13674ad32fc502009247:log:119,0x30119869ecd02065772ef3e637808142a2782976727b13674ad32fc502009247,0x5427fefa711eff984124bfbb1ab6fbf5e3da1820,0x70aade6ae0c73fa61ca3a6c276f60c235901065f,70022.19308783377,,,,SHI,erc20,"{'value': '0x0ed3e92333e7e13d86df', 'address': '0xad996a45fd2373ed0b10efa4a8ecb9de445a4302', 'decimal': '0x12'}",{'blockTimestamp': '2022-05-09T13:24:11.000Z'}
827,0xe0f458,0x45e04746eedf7e29cfcff5b92ca0d356d775557b8efebdf3f6d58d7903ac6d7a:log:90,0x45e04746eedf7e29cfcff5b92ca0d356d775557b8efebdf3f6d58d7903ac6d7a,0x5427fefa711eff984124bfbb1ab6fbf5e3da1820,0x43b9c04de725bdcb22c9c0741b5dabcf7a650112,67552.42024236132,,,,SHI,erc20,"{'value': '0x0e4e06276e5dad3b135d', 'address': '0xad996a45fd2373ed0b10efa4a8ecb9de445a4302', 'decimal': '0x12'}",{'blockTimestamp': '2022-05-09T13:13:20.000Z'}
828,0xe0f423,0x707011ec4f3b89290cae6513d398922bc7a7b75a7d9313c4caec1063713fe185:log:56,0x707011ec4f3b89290cae6513d398922bc7a7b75a7d9313c4caec1063713fe185,0x723c0c494c851d0cbee61879bd97d709fedd2e03,0xae9daa2d8a9348765887207a1adc92e3bbc73d87,500000.0,,,,SHI,erc20,"{'value': '0x69e10de76676d0800000', 'address': '0xad996a45fd2373ed0b10efa4a8ecb9de445a4302', 'decimal': '0x12'}",{'blockTimestamp': '2022-05-09T13:01:15.000Z'}
829,0xe0f41b,0xcb9c951d826796d0f5cd276db6bddcde41ea182779a394b1f4a9bc3c7d4cc8f4:log:142,0xcb9c951d826796d0f5cd276db6bddcde41ea182779a394b1f4a9bc3c7d4cc8f4,0x723c0c494c851d0cbee61879bd97d709fedd2e03,0xae9daa2d8a9348765887207a1adc92e3bbc73d87,1000000.0,,,,SHI,erc20,"{'value': '0xd3c21bcecceda1000000', 'address': '0xad996a45fd2373ed0b10efa4a8ecb9de445a4302', 'decimal': '0x12'}",{'blockTimestamp': '2022-05-09T12:59:34.000Z'}
830,0xe0f418,0x6b58d1a1671e2490ef6ac8e994629eef4786a4521c61029ecba8e36cfee502f2:log:251,0x6b58d1a1671e2490ef6ac8e994629eef4786a4521c61029ecba8e36cfee502f2,0x0000000000000000000000000000000000000000,0x723c0c494c851d0cbee61879bd97d709fedd2e03,549186.98,,,,SHI,erc20,"{'value': '0x744b7c6010acd3aa0000', 'address': '0xad996a45fd2373ed0b10efa4a8ecb9de445a4302', 'decimal': '0x12'}",{'blockTimestamp': '2022-05-09T12:58:28.000Z'}
831,0xe0f414,0x1ff286bd63110c08705ba4e141df255d872968aa8fcedabb4ac92d96c1e0fc35:log:54,0x1ff286bd63110c08705ba4e141df255d872968aa8fcedabb4ac92d96c1e0fc35,0x0000000000000000000000000000000000000000,0x723c0c494c851d0cbee61879bd97d709fedd2e03,998976.98,,,,SHI,erc20,"{'value': '0xd38aa68da71ed8e20000', 'address': '0xad996a45fd2373ed0b10efa4a8ecb9de445a4302', 'decimal': '0x12'}",{'blockTimestamp': '2022-05-09T12:57:05.000Z'}
832,0xe0f3ef,0x6038a532d3d04805b8cd2f4edcc35d59667412b435a35c5a726ea46694b13280:log:503,0x6038a532d3d04805b8cd2f4edcc35d59667412b435a35c5a726ea46694b13280,0x5427fefa711eff984124bfbb1ab6fbf5e3da1820,0xb12ea3609d7215c72693dc0207d0da4b4a0a1f10,102835.55726209548,,,,SHI,erc20,"{'value': '0x15c6ba0af3be0f3069c1', 'address': '0xad996a45fd2373ed0b10efa4a8ecb9de445a4302', 'decimal': '0x12'}",{'blockTimestamp': '2022-05-09T12:46:23.000Z'}
833,0xe0f3ce,0x1c1e92298733275662c6be9f80c18b9294cc849a77e9ef96a4189118273acfe8:log:181,0x1c1e92298733275662c6be9f80c18b9294cc849a77e9ef96a4189118273acfe8,0x5427fefa711eff984124bfbb1ab6fbf5e3da1820,0xf8ab0a84617f71639d92b1f65c5f7a53965ce555,52852.359166419905,,,,SHI,erc20,"{'value': '0x0b3121d35e0f0ae58e91', 'address': '0xad996a45fd2373ed0b10efa4a8ecb9de445a4302', 'decimal': '0x12'}",{'blockTimestamp': '2022-05-09T12:39:59.000Z'}
834,0xe0f30a,0x30dab7097d0df9892ee99cd6269fcfbdc41483669e5123c20ffad6796e45e4e6:log:349,0x30dab7097d0df9892ee99cd6269fcfbdc41483669e5123c20ffad6796e45e4e6,0x5427fefa711eff984124bfbb1ab6fbf5e3da1820,0x01ac54c06d8b04a0950f30a263c2d1a0fce6514e,27349.984776180852,,,,SHI,erc20,"{'value': '0x05caa5490781b945a1e0', 'address': '0xad996a45fd2373ed0b10efa4a8ecb9de445a4302', 'decimal': '0x12'}",{'blockTimestamp': '2022-05-09T11:56:20.000Z'}
835,0xe0f158,0x3676ab0f16d5f29104e7a34b4c68c76619554cd3ddbb97bed4caca7cfb272e6e:log:81,0x3676ab0f16d5f29104e7a34b4c68c76619554cd3ddbb97bed4caca7cfb272e6e,0x5427fefa711eff984124bfbb1ab6fbf5e3da1820,0xdda96f9b7bba815e721f32c8e486c873b273bc18,249584.54864260554,,,,SHI,erc20,"{'value': '0x34da0167fad6614c0a8d', 'address': '0xad996a45fd2373ed0b10efa4a8ecb9de445a4302', 'decimal': '0x12'}",{'blockTimestamp': '2022-05-09T10:16:24.000Z'}
836,0xe0f0f3,0x21344658915500739e50016980ac8d717d17ec8ee171ce6e4393eb17fd3da031:log:321,0x21344658915500739e50016980ac8d717d17ec8ee171ce6e4393eb17fd3da031,0x5427fefa711eff984124bfbb1ab6fbf5e3da1820,0xd7f66ae33fc413a7bff5e5f7fd5c59a228d08a2b,240669.50765577544,,,,SHI,erc20,"{'value': '0x32f6b85beb3a1a6d8d92', 'address': '0xad996a45fd2373ed0b10efa4a8ecb9de445a4302', 'decimal': '0x12'}",{'blockTimestamp': '2022-05-09T09:54:29.000Z'}
837,0xe0f0e0,0x48302609c30e6f81953f915c5a4882b9bcbce1d0a425a92b4913fcdfca95afa8:log:128,0x48302609c30e6f81953f915c5a4882b9bcbce1d0a425a92b4913fcdfca95afa8,0x5427fefa711eff984124bfbb1ab6fbf5e3da1820,0xd7f66ae33fc413a7bff5e5f7fd5c59a228d08a2b,9748.615983710513,,,,SHI,erc20,"{'value': '0x021079395acdb851defa', 'address': '0xad996a45fd2373ed0b10efa4a8ecb9de445a4302', 'decimal': '0x12'}",{'blockTimestamp': '2022-05-09T09:49:08.000Z'}
838,0xe0f061,0xa266dd49f4ef260e8ca2262c5de09f272c0c43c7526f8400a9bddf31cd711a21:log:265,0xa266dd49f4ef260e8ca2262c5de09f272c0c43c7526f8400a9bddf31cd711a21,0xb406f73b3501efa5224486f03b7e08f37bf30bcc,0x5427fefa711eff984124bfbb1ab6fbf5e3da1820,1720317.96,,,,SHI,erc20,"{'value': '0x016c4a9f9c60cff2340000', 'address': '0xad996a45fd2373ed0b10efa4a8ecb9de445a4302', 'decimal': '0x12'}",{'blockTimestamp': '2022-05-09T09:18:38.000Z'}
839,0xe0f054,0x8446a083f6ff630ce26620476e4f4677e1fe135f1ddb4d7e46f4ec519943fe1a:log:71,0x8446a083f6ff630ce26620476e4f4677e1fe135f1ddb4d7e46f4ec519943fe1a,0x0000000000000000000000000000000000000000,0xb406f73b3501efa5224486f03b7e08f37bf30bcc,1720317.96,,,,SHI,erc20,"{'value': '0x016c4a9f9c60cff2340000', 'address': '0xad996a45fd2373ed0b10efa4a8ecb9de445a4302', 'decimal': '0x12'}",{'blockTimestamp': '2022-05-09T09:14:42.000Z'}
840,0xe0ece4,0xc7eee77f2d3a35d92568b636951e663d334961d103aeb9888208246add8dc7f0:log:34,0xc7eee77f2d3a35d92568b636951e663d334961d103aeb9888208246add8dc7f0,0x0000000000000000000000000000000000000000,0xa284183771a7f5b6583ddadcafb3143158d9c2e0,213986.98,,,,SHI,erc20,"{'value': '0x2d5041e6ee63ba2a0000', 'address': '0xad996a45fd2373ed0b10efa4a8ecb9de445a4302', 'decimal': '0x12'}",{'blockTimestamp': '2022-05-09T05:54:15.000Z'}
841,0xe0e2e5,0x02f01302ae9a6c4264bc48827ff8209d165b0578f21898e9135e436939845958:log:131,0x02f01302ae9a6c4264bc48827ff8209d165b0578f21898e9135e436939845958,0x5427fefa711eff984124bfbb1ab6fbf5e3da1820,0x4fde9dae5cac866aef08caee207db9691f37f822,9485.1124918481,,,,SHI,erc20,"{'value': '0x02023060e50e5a33dec9', 'address': '0xad996a45fd2373ed0b10efa4a8ecb9de445a4302', 'decimal': '0x12'}",{'blockTimestamp': '2022-05-08T20:14:34.000Z'}
842,0xe0e248,0x3b59e3aaa7d10ed1069c72c81316db1d64e46039b377cae11f3d5894ca75fa3f:log:122,0x3b59e3aaa7d10ed1069c72c81316db1d64e46039b377cae11f3d5894ca75fa3f,0x5427fefa711eff984124bfbb1ab6fbf5e3da1820,0xc8b1774ef80800420e588e6723074bf429323b40,62098.129484449695,,,,SHI,erc20,"{'value': '0x0d2658aa0c1dc3019812', 'address': '0xad996a45fd2373ed0b10efa4a8ecb9de445a4302', 'decimal': '0x12'}",{'blockTimestamp': '2022-05-08T19:41:47.000Z'}
843,0xe0e193,0x25e2f891cee20e7c46247323288f2f1d4372a6a1ae946681a7fccf42bde9ec52:log:256,0x25e2f891cee20e7c46247323288f2f1d4372a6a1ae946681a7fccf42bde9ec52,0x5427fefa711eff984124bfbb1ab6fbf5e3da1820,0x6a3ab2fccb2f784e256279f5e907ebd3eaa3826e,149919.2760026567,,,,SHI,erc20,"{'value': '0x1fbf23e6920cb15e9ee3', 'address': '0xad996a45fd2373ed0b10efa4a8ecb9de445a4302', 'decimal': '0x12'}",{'blockTimestamp': '2022-05-08T18:59:11.000Z'}
844,0xe0e18f,0x160098cdd065a524da5d988df7016bd0eb3a4713287866169232b711964d277e:log:281,0x160098cdd065a524da5d988df7016bd0eb3a4713287866169232b711964d277e,0x5427fefa711eff984124bfbb1ab6fbf5e3da1820,0x96141e0b5b656dc13689c5d372305411313b811d,53686.047854441036,,,,SHI,erc20,"{'value': '0x0b5e539492bdf4378287', 'address': '0xad996a45fd2373ed0b10efa4a8ecb9de445a4302', 'decimal': '0x12'}",{'blockTimestamp': '2022-05-08T18:57:57.000Z'}
845,0xe0e11e,0x5fddedfd86689c80f5ecbce7c28a7c00f8b68e1537c24fd69500c194773dc178:log:550,0x5fddedfd86689c80f5ecbce7c28a7c00f8b68e1537c24fd69500c194773dc178,0x5427fefa711eff984124bfbb1ab6fbf5e3da1820,0x2d712f9884689e935dc780cb7e18231b5ebdcdf8,2429.109733576568,,,,SHI,erc20,"{'value': '0x83aeab60b68318d498', 'address': '0xad996a45fd2373ed0b10efa4a8ecb9de445a4302', 'decimal': '0x12'}",{'blockTimestamp': '2022-05-08T18:34:14.000Z'}
846,0xe0e033,0xacc5ee9dfcb32cd7ff0e19864b9fabc6d7541bf0db4215f8fd09a62ea72657b1:log:321,0xacc5ee9dfcb32cd7ff0e19864b9fabc6d7541bf0db4215f8fd09a62ea72657b1,0xf4efa119b67af251449ced01f1ea3f1c59a59c44,0x623c72cb71dd583de01ada0ae48f01423bb904fd,880.5565499608879,,,,SHI,erc20,"{'value': '0x2fbc2d4ccd06390c5c', 'address': '0xad996a45fd2373ed0b10efa4a8ecb9de445a4302', 'decimal': '0x12'}",{'blockTimestamp': '2022-05-08T17:43:24.000Z'}
847,0xe0deba,0xf4a91c231fb34f0c61c782b07f9bcda317172726e3ca0e73cbcef9e18abe1018:log:23,0xf4a91c231fb34f0c61c782b07f9bcda317172726e3ca0e73cbcef9e18abe1018,0x1753d3e254db740793dfb671d4a2bf66e0578161,0x5427fefa711eff984124bfbb1ab6fbf5e3da1820,30000.0,,,,SHI,erc20,"{'value': '0x065a4da25d3016c00000', 'address': '0xad996a45fd2373ed0b10efa4a8ecb9de445a4302', 'decimal': '0x12'}",{'blockTimestamp': '2022-05-08T16:19:24.000Z'}
848,0xe0d6aa,0xafc95faef8309a04113a99369de0613b80a9ba2bd03d14570016865bbafd7ef6:log:23,0xafc95faef8309a04113a99369de0613b80a9ba2bd03d14570016865bbafd7ef6,0xf4efa119b67af251449ced01f1ea3f1c59a59c44,0x925234a26563142289491b2cc06587bd41381724,826.6453187722161,,,,SHI,erc20,"{'value': '0x2cd00221ab317e67e1', 'address': '0xad996a45fd2373ed0b10efa4a8ecb9de445a4302', 'decimal': '0x12'}",{'blockTimestamp': '2022-05-08T08:30:14.000Z'}
849,0xe0c6eb,0x640b320dc4b4fc9ca5f274e229622b0d4038fe81f328532c38f8eca8ba327d3c:log:313,0x640b320dc4b4fc9ca5f274e229622b0d4038fe81f328532c38f8eca8ba327d3c,0x5427fefa711eff984124bfbb1ab6fbf5e3da1820,0xef9b0f2dd6d141848c7523cf62cfa38d0cad61b0,30948.143465581106,,,,SHI,erc20,"{'value': '0x068db3c49fa78c9d915e', 'address': '0xad996a45fd2373ed0b10efa4a8ecb9de445a4302', 'decimal': '0x12'}",{'blockTimestamp': '2022-05-07T17:02:22.000Z'}
850,0xe0bff6,0xf21791a716857c9693e1887d18db7eda4b45acf32c75c473d503198e99165a68:log:144,0xf21791a716857c9693e1887d18db7eda4b45acf32c75c473d503198e99165a68,0x5427fefa711eff984124bfbb1ab6fbf5e3da1820,0xba955fa918278ad7524b0895a95f1fab85e4173b,86157.26249130376,,,,SHI,erc20,"{'value': '0x123e9834fb19a73ae1c6', 'address': '0xad996a45fd2373ed0b10efa4a8ecb9de445a4302', 'decimal': '0x12'}",{'blockTimestamp': '2022-05-07T10:14:24.000Z'}
851,0xe0bf0f,0xf0225ba58618d9a342beb5f0523e6fdb92e9d04daa63ef890bb7d8906d5bd12a:log:70,0xf0225ba58618d9a342beb5f0523e6fdb92e9d04daa63ef890bb7d8906d5bd12a,0x5427fefa711eff984124bfbb1ab6fbf5e3da1820,0xf0ca2f2bd1cc9ad96ba0e3a27ce9e8fe7f11c98e,792865.1286174217,,,,SHI,erc20,"{'value': '0xa7e54e03e20e73b1ea04', 'address': '0xad996a45fd2373ed0b10efa4a8ecb9de445a4302', 'decimal': '0x12'}",{'blockTimestamp': '2022-05-07T09:24:16.000Z'}
852,0xe0ba7a,0x66dda17d210bea875d87289bf30ca03c9104d19d4dc4a59a5bf85ebe5462ad8f:log:446,0x66dda17d210bea875d87289bf30ca03c9104d19d4dc4a59a5bf85ebe5462ad8f,0x5427fefa711eff984124bfbb1ab6fbf5e3da1820,0x7294b83f614ec2845bb66d0ba0fcf7206f5b0b77,10149.71824270849,,,,SHI,erc20,"{'value': '0x022637a2d63b3d808567', 'address': '0xad996a45fd2373ed0b10efa4a8ecb9de445a4302', 'decimal': '0x12'}",{'blockTimestamp': '2022-05-07T04:49:02.000Z'}
853,0xe0adbf,0x9af56256b78e4945a2eac93ec3a0e2c1b4ac37436dbc307e6d7cd85631f65f0d:log:266,0x9af56256b78e4945a2eac93ec3a0e2c1b4ac37436dbc307e6d7cd85631f65f0d,0x5427fefa711eff984124bfbb1ab6fbf5e3da1820,0x3465d2989e8969282d80066422f1cca8c83a46db,14260.420323995095,,,,SHI,erc20,"{'value': '0x03050f1659ba807f34c8', 'address': '0xad996a45fd2373ed0b10efa4a8ecb9de445a4302', 'decimal': '0x12'}",{'blockTimestamp': '2022-05-06T16:17:44.000Z'}
854,0xe0a77b,0x22db0850a1e4fe61aec97f6ee76d6280b7da24f8ffcfb18e72ea383cbf16c689:log:202,0x22db0850a1e4fe61aec97f6ee76d6280b7da24f8ffcfb18e72ea383cbf16c689,0x5427fefa711eff984124bfbb1ab6fbf5e3da1820,0xc3700dff8b3d2a187d30471373e50c2752b80831,40308.344838922785,,,,SHI,erc20,"{'value': '0x08891ea8143c86b79d49', 'address': '0xad996a45fd2373ed0b10efa4a8ecb9de445a4302', 'decimal': '0x12'}",{'blockTimestamp': '2022-05-06T10:13:18.000Z'}
855,0xe0a680,0xc2a015f59dd3d29ce0d2c638292add79606ad4c8dc73048770f43ba3ac0c9575:log:375,0xc2a015f59dd3d29ce0d2c638292add79606ad4c8dc73048770f43ba3ac0c9575,0x5427fefa711eff984124bfbb1ab6fbf5e3da1820,0xde5e9ade0461440eec0a3ca104a13d093046384b,92499.97880326452,,,,SHI,erc20,"{'value': '0x13966f13fbad5fc74130', 'address': '0xad996a45fd2373ed0b10efa4a8ecb9de445a4302', 'decimal': '0x12'}",{'blockTimestamp': '2022-05-06T09:14:40.000Z'}
856,0xe090c6,0x49398b9d510ccdb671c84c173766b8f5dc8864e826910373d5120147d3a98c64:log:345,0x49398b9d510ccdb671c84c173766b8f5dc8864e826910373d5120147d3a98c64,0xe64ca754a3343dee70d55770b3c885b9dea72b5b,0xae9daa2d8a9348765887207a1adc92e3bbc73d87,34436212.0,,,,SHI,erc20,"{'value': '0x1c7c26cb0a795529500000', 'address': '0xad996a45fd2373ed0b10efa4a8ecb9de445a4302', 'decimal': '0x12'}",{'blockTimestamp': '2022-05-05T11:56:10.000Z'}
857,0xe08f5b,0x3ca06c74f4e9b5e45a3e3b78bd8c8c94ae24d867a18e850fa00e402b2a2d9a7a:log:134,0x3ca06c74f4e9b5e45a3e3b78bd8c8c94ae24d867a18e850fa00e402b2a2d9a7a,0x16e75b7b8bea3787da601ba8291fc601f31c800c,0x0000000000000000000000000000000000000000,72657.2,,,,SHI,erc20,"{'value': '0x0f62c1344da7efb80000', 'address': '0xad996a45fd2373ed0b10efa4a8ecb9de445a4302', 'decimal': '0x12'}",{'blockTimestamp': '2022-05-05T10:35:58.000Z'}
858,0xe08f59,0xd4527c0b38361e657322a9c59156224761368546e2b840b994541e2047bff991:log:368,0xd4527c0b38361e657322a9c59156224761368546e2b840b994541e2047bff991,0xdef171fe48cf0115b1d80b88dc8eab59176fee57,0x16e75b7b8bea3787da601ba8291fc601f31c800c,72657.2,,,,SHI,erc20,"{'value': '0x0f62c1344da7efb80000', 'address': '0xad996a45fd2373ed0b10efa4a8ecb9de445a4302', 'decimal': '0x12'}",{'blockTimestamp': '2022-05-05T10:34:39.000Z'}
859,0xe08f59,0xd4527c0b38361e657322a9c59156224761368546e2b840b994541e2047bff991:log:365,0xd4527c0b38361e657322a9c59156224761368546e2b840b994541e2047bff991,0xf4efa119b67af251449ced01f1ea3f1c59a59c44,0xdef171fe48cf0115b1d80b88dc8eab59176fee57,72657.2,,,,SHI,erc20,"{'value': '0x0f62c1344da7efb80000', 'address': '0xad996a45fd2373ed0b10efa4a8ecb9de445a4302', 'decimal': '0x12'}",{'blockTimestamp': '2022-05-05T10:34:39.000Z'}
860,0xe06434,0x7b0050d2d1e636174d7e604ff61ce0b356ae3722e459c635f92ab00ec1fa98fc:log:88,0x7b0050d2d1e636174d7e604ff61ce0b356ae3722e459c635f92ab00ec1fa98fc,0xe64ca754a3343dee70d55770b3c885b9dea72b5b,0xae9daa2d8a9348765887207a1adc92e3bbc73d87,1000.0,,,,SHI,erc20,"{'value': '0x3635c9adc5dea00000', 'address': '0xad996a45fd2373ed0b10efa4a8ecb9de445a4302', 'decimal': '0x12'}",{'blockTimestamp': '2022-05-03T16:29:46.000Z'}
861,0xe063df,0x42526fcd46f69877e71eeb526425f36f899f69dc38be6747d735fb97bb3c1129:log:47,0x42526fcd46f69877e71eeb526425f36f899f69dc38be6747d735fb97bb3c1129,0x67ebc532d648e6164a6fd726ff0b39e69180dafe,0x0000000000000000000000000000000000000000,102049.31182481597,,,,SHI,erc20,"{'value': '0x159c1ab2083e5a5fa162', 'address': '0xad996a45fd2373ed0b10efa4a8ecb9de445a4302', 'decimal': '0x12'}",{'blockTimestamp': '2022-05-03T16:11:33.000Z'}
862,0xe063df,0xd764e2983ce193795a24f79d5643af2b5047f558746464938e4160032a5df720:log:44,0xd764e2983ce193795a24f79d5643af2b5047f558746464938e4160032a5df720,0xf4efa119b67af251449ced01f1ea3f1c59a59c44,0x67ebc532d648e6164a6fd726ff0b39e69180dafe,102049.31182481597,,,,SHI,erc20,"{'value': '0x159c1ab2083e5a5f9f72', 'address': '0xad996a45fd2373ed0b10efa4a8ecb9de445a4302', 'decimal': '0x12'}",{'blockTimestamp': '2022-05-03T16:11:33.000Z'}
863,0xe062d9,0x9be7de83176a72fa1bcd06f7cb47230279cb20ea6d73f8fcd2e93b12aeb0d25f:log:24,0x9be7de83176a72fa1bcd06f7cb47230279cb20ea6d73f8fcd2e93b12aeb0d25f,0x0000000000000000000000000000000000000000,0x22259801426dbb32a576792d67bbfe2bfa9f78f5,37421.18,,,,SHI,erc20,"{'value': '0x07ec9b32101750260000', 'address': '0xad996a45fd2373ed0b10efa4a8ecb9de445a4302', 'decimal': '0x12'}",{'blockTimestamp': '2022-05-03T15:15:53.000Z'}
864,0xe05ee6,0xf603a93c61dc2f13610bc3fe8f778217a8193c64d035296ef6a6caca09d02b3c:log:596,0xf603a93c61dc2f13610bc3fe8f778217a8193c64d035296ef6a6caca09d02b3c,0xb406f73b3501efa5224486f03b7e08f37bf30bcc,0x5427fefa711eff984124bfbb1ab6fbf5e3da1820,1335750.0,,,,SHI,erc20,"{'value': '0x011adb271075305b580000', 'address': '0xad996a45fd2373ed0b10efa4a8ecb9de445a4302', 'decimal': '0x12'}",{'blockTimestamp': '2022-05-03T11:23:13.000Z'}
865,0xe05eb6,0x43d6e098e6ea5b035ff6cac340208e3d4e0df5d10fe4240716b3fdf9154cf75e:log:305,0x43d6e098e6ea5b035ff6cac340208e3d4e0df5d10fe4240716b3fdf9154cf75e,0xe64ca754a3343dee70d55770b3c885b9dea72b5b,0xb406f73b3501efa5224486f03b7e08f37bf30bcc,1335750.0,,,,SHI,erc20,"{'value': '0x011adb271075305b580000', 'address': '0xad996a45fd2373ed0b10efa4a8ecb9de445a4302', 'decimal': '0x12'}",{'blockTimestamp': '2022-05-03T11:11:26.000Z'}
866,0xe05762,0x3c5e1c46ecd1e6f599d29879dde60e7bcf22bc498e930c28c0aa3d1587ba6d33:log:73,0x3c5e1c46ecd1e6f599d29879dde60e7bcf22bc498e930c28c0aa3d1587ba6d33,0x0000000000000000000000000000000000000000,0xe64ca754a3343dee70d55770b3c885b9dea72b5b,35772962.28,,,,SHI,erc20,"{'value': '0x1d97382bc75ecf9c640000', 'address': '0xad996a45fd2373ed0b10efa4a8ecb9de445a4302', 'decimal': '0x12'}",{'blockTimestamp': '2022-05-03T04:07:08.000Z'}
867,0xe04eec,0x5312187687839be45d103b3c44a13513d3d17b13b6ffadc73ddcb1647e7f69e0:log:56,0x5312187687839be45d103b3c44a13513d3d17b13b6ffadc73ddcb1647e7f69e0,0xa787f09349999a61434cfb75118c6a9d0cac9406,0xf4efa119b67af251449ced01f1ea3f1c59a59c44,114279.98,,,,SHI,erc20,"{'value': '0x1833215028b7591e0000', 'address': '0xad996a45fd2373ed0b10efa4a8ecb9de445a4302', 'decimal': '0x12'}",{'blockTimestamp': '2022-05-02T19:59:44.000Z'}
868,0xe04ee4,0x4d3c5bb7fabb2f106dcc78177cb39622a408b5cc987e71141138fcfc64f0d157:log:68,0x4d3c5bb7fabb2f106dcc78177cb39622a408b5cc987e71141138fcfc64f0d157,0x0000000000000000000000000000000000000000,0xa787f09349999a61434cfb75118c6a9d0cac9406,114279.98,,,,SHI,erc20,"{'value': '0x1833215028b7591e0000', 'address': '0xad996a45fd2373ed0b10efa4a8ecb9de445a4302', 'decimal': '0x12'}",{'blockTimestamp': '2022-05-02T19:57:55.000Z'}
869,0xe039b8,0xad5046761d3675bd213e9f371f3e59c109616afbf095d2bfa6f9b16e49359f82:log:279,0xad5046761d3675bd213e9f371f3e59c109616afbf095d2bfa6f9b16e49359f82,0xf4efa119b67af251449ced01f1ea3f1c59a59c44,0xbc19baa40f03119d17738c67a2c2f2536df960a3,10978.786611112906,,,,SHI,erc20,"{'value': '0x025329455eb3e76b91a3', 'address': '0xad996a45fd2373ed0b10efa4a8ecb9de445a4302', 'decimal': '0x12'}",{'blockTimestamp': '2022-05-01T23:21:18.000Z'}
870,0xe03300,0x9efaeb234ba3679ed62beedc9f5c9e2e1aaba550a2f482fec603ae34e46aadbd:log:43,0x9efaeb234ba3679ed62beedc9f5c9e2e1aaba550a2f482fec603ae34e46aadbd,0xc825dd260adc29b078eb4135679f22adb381488c,0xf4efa119b67af251449ced01f1ea3f1c59a59c44,143971.61052439615,,,,SHI,erc20,"{'value': '0x1e7cb77611a762e70980', 'address': '0xad996a45fd2373ed0b10efa4a8ecb9de445a4302', 'decimal': '0x12'}",{'blockTimestamp': '2022-05-01T16:52:26.000Z'}
871,0xe032fe,0xecb6b6beb85a0daf04a64e60a53e0fb24dc1ea92a572a20251a8b0085e01b29c:log:69,0xecb6b6beb85a0daf04a64e60a53e0fb24dc1ea92a572a20251a8b0085e01b29c,0x0000000000000000000000000000000000000000,0xc825dd260adc29b078eb4135679f22adb381488c,143971.61052439615,,,,SHI,erc20,"{'value': '0x1e7cb77611a762e70980', 'address': '0xad996a45fd2373ed0b10efa4a8ecb9de445a4302', 'decimal': '0x12'}",{'blockTimestamp': '2022-05-01T16:51:59.000Z'}
872,0xe03072,0xb95a0c79c2e7991d258cd0c5d98021cd92a5c24084c412c42d547da42d159e05:log:401,0xb95a0c79c2e7991d258cd0c5d98021cd92a5c24084c412c42d547da42d159e05,0xf4efa119b67af251449ced01f1ea3f1c59a59c44,0x70aade6ae0c73fa61ca3a6c276f60c235901065f,2123.0148387685294,,,,SHI,erc20,"{'value': '0x7316bfdba531641c92', 'address': '0xad996a45fd2373ed0b10efa4a8ecb9de445a4302', 'decimal': '0x12'}",{'blockTimestamp': '2022-05-01T14:21:19.000Z'}
873,0xe01e78,0x78bab981bc5b70fe6f6be034cfa0d6db38c44099a11df010bf4b8c179be42cb2:log:53,0x78bab981bc5b70fe6f6be034cfa0d6db38c44099a11df010bf4b8c179be42cb2,0xdef171fe48cf0115b1d80b88dc8eab59176fee57,0xf4efa119b67af251449ced01f1ea3f1c59a59c44,106220.76623944711,,,,SHI,erc20,"{'value': '0x167e3d413109b270899d', 'address': '0xad996a45fd2373ed0b10efa4a8ecb9de445a4302', 'decimal': '0x12'}",{'blockTimestamp': '2022-04-30T20:58:29.000Z'}
874,0xe01e78,0x78bab981bc5b70fe6f6be034cfa0d6db38c44099a11df010bf4b8c179be42cb2:log:51,0x78bab981bc5b70fe6f6be034cfa0d6db38c44099a11df010bf4b8c179be42cb2,0xcebda550ff74f50e2b4941b2824c99aff9bda3a6,0xdef171fe48cf0115b1d80b88dc8eab59176fee57,106220.76623944711,,,,SHI,erc20,"{'value': '0x167e3d413109b270899d', 'address': '0xad996a45fd2373ed0b10efa4a8ecb9de445a4302', 'decimal': '0x12'}",{'blockTimestamp': '2022-04-30T20:58:29.000Z'}
875,0xe01e6d,0xcf13cdc1d36a9ddf5e03c7b653bf2f45a7faa2668f70753abb8857fb12177cc1:log:62,0xcf13cdc1d36a9ddf5e03c7b653bf2f45a7faa2668f70753abb8857fb12177cc1,0x0000000000000000000000000000000000000000,0xcebda550ff74f50e2b4941b2824c99aff9bda3a6,106220.76623944711,,,,SHI,erc20,"{'value': '0x167e3d413109b270899d', 'address': '0xad996a45fd2373ed0b10efa4a8ecb9de445a4302', 'decimal': '0x12'}",{'blockTimestamp': '2022-04-30T20:55:45.000Z'}
876,0xe00f98,0x6c045cd2bf285b6069bcb8e6ca11202eafbdcd282be14dc7f073e5c62e955256:log:601,0x6c045cd2bf285b6069bcb8e6ca11202eafbdcd282be14dc7f073e5c62e955256,0xdef171fe48cf0115b1d80b88dc8eab59176fee57,0xf4efa119b67af251449ced01f1ea3f1c59a59c44,89475.20708785913,,,,SHI,erc20,"{'value': '0x12f275f0227184ef71a6', 'address': '0xad996a45fd2373ed0b10efa4a8ecb9de445a4302', 'decimal': '0x12'}",{'blockTimestamp': '2022-04-30T06:37:08.000Z'}
877,0xe00f98,0x6c045cd2bf285b6069bcb8e6ca11202eafbdcd282be14dc7f073e5c62e955256:log:599,0x6c045cd2bf285b6069bcb8e6ca11202eafbdcd282be14dc7f073e5c62e955256,0x16e75b7b8bea3787da601ba8291fc601f31c800c,0xdef171fe48cf0115b1d80b88dc8eab59176fee57,89475.20708785913,,,,SHI,erc20,"{'value': '0x12f275f0227184ef71a6', 'address': '0xad996a45fd2373ed0b10efa4a8ecb9de445a4302', 'decimal': '0x12'}",{'blockTimestamp': '2022-04-30T06:37:08.000Z'}
878,0xe00f83,0x7e2ea27178d00ee7b2779dda03e551b633d02f85187919a967c460af0c220974:log:31,0x7e2ea27178d00ee7b2779dda03e551b633d02f85187919a967c460af0c220974,0x0000000000000000000000000000000000000000,0x16e75b7b8bea3787da601ba8291fc601f31c800c,89475.20708785913,,,,SHI,erc20,"{'value': '0x12f275f0227184ef71a6', 'address': '0xad996a45fd2373ed0b10efa4a8ecb9de445a4302', 'decimal': '0x12'}",{'blockTimestamp': '2022-04-30T06:32:29.000Z'}
879,0xe00c99,0x3e764e5a11d4ad2e371113973cf7924972ba71c8044d745fb39a6a6f7c121f9a:log:216,0x3e764e5a11d4ad2e371113973cf7924972ba71c8044d745fb39a6a6f7c121f9a,0x0000000000000000000000000000000000000000,0x23c689bc31ee9dde7333866c9fafdc8625e4bb0d,591.9699999999999,,,,SHI,erc20,"{'value': '0x20173bea9bc7fd0000', 'address': '0xad996a45fd2373ed0b10efa4a8ecb9de445a4302', 'decimal': '0x12'}",{'blockTimestamp': '2022-04-30T03:50:22.000Z'}
880,0xdffa2b,0xfdebcbcaece4c344565d2c0673f8eac9063755ba797a3548e5f9be4c4fb3c32c:log:287,0xfdebcbcaece4c344565d2c0673f8eac9063755ba797a3548e5f9be4c4fb3c32c,0xf4efa119b67af251449ced01f1ea3f1c59a59c44,0x62b97775711f1ff66bcd3cf3bfde90c844bc7888,49999.99999999999,,,,SHI,erc20,"{'value': '0x0a968163f0a57b400000', 'address': '0xad996a45fd2373ed0b10efa4a8ecb9de445a4302', 'decimal': '0x12'}",{'blockTimestamp': '2022-04-29T10:13:44.000Z'}
881,0xdfebd5,0xbaff914306a34eb6c382fb19c37e13ff20f6ee52584e27787b1c65b6283183e2:log:698,0xbaff914306a34eb6c382fb19c37e13ff20f6ee52584e27787b1c65b6283183e2,0xe7d81e3bd542606838250d81710b3a33aa281c0b,0x0000000000000000000000000000000000000000,38534.99999999999,,,,SHI,erc20,"{'value': '0x0828fc8d9cd1ddbc0000', 'address': '0xad996a45fd2373ed0b10efa4a8ecb9de445a4302', 'decimal': '0x12'}",{'blockTimestamp': '2022-04-28T20:13:50.000Z'}
882,0xdfe441,0x4ce00aca851d4a3411931a48d397533b49d0f7c6a500a16f104810967b013c42:log:184,0x4ce00aca851d4a3411931a48d397533b49d0f7c6a500a16f104810967b013c42,0xc825dd260adc29b078eb4135679f22adb381488c,0xf4efa119b67af251449ced01f1ea3f1c59a59c44,155173.32754944795,,,,SHI,erc20,"{'value': '0x20dbf6835eb2b3af81b0', 'address': '0xad996a45fd2373ed0b10efa4a8ecb9de445a4302', 'decimal': '0x12'}",{'blockTimestamp': '2022-04-28T12:53:41.000Z'}
883,0xdfe435,0x333ce7f619511e0793958bbcf91103be2a063ef641a4a7ffdd33218e89eddd3a:log:6,0x333ce7f619511e0793958bbcf91103be2a063ef641a4a7ffdd33218e89eddd3a,0x0000000000000000000000000000000000000000,0xc825dd260adc29b078eb4135679f22adb381488c,154977.97999999998,,,,SHI,erc20,"{'value': '0x20d15f85757888c60000', 'address': '0xad996a45fd2373ed0b10efa4a8ecb9de445a4302', 'decimal': '0x12'}",{'blockTimestamp': '2022-04-28T12:50:22.000Z'}
884,0xdfd742,0xbd312f2194a172f956076b45ad0b059ed5342aed92e6fddd4e62ab32d25a0cc6:log:165,0xbd312f2194a172f956076b45ad0b059ed5342aed92e6fddd4e62ab32d25a0cc6,0xdef171fe48cf0115b1d80b88dc8eab59176fee57,0xf4efa119b67af251449ced01f1ea3f1c59a59c44,91223.59178824068,,,,SHI,erc20,"{'value': '0x13513da66019ef7dced7', 'address': '0xad996a45fd2373ed0b10efa4a8ecb9de445a4302', 'decimal': '0x12'}",{'blockTimestamp': '2022-04-28T00:17:26.000Z'}
885,0xdfd742,0xbd312f2194a172f956076b45ad0b059ed5342aed92e6fddd4e62ab32d25a0cc6:log:163,0xbd312f2194a172f956076b45ad0b059ed5342aed92e6fddd4e62ab32d25a0cc6,0xcebda550ff74f50e2b4941b2824c99aff9bda3a6,0xdef171fe48cf0115b1d80b88dc8eab59176fee57,91223.59178824068,,,,SHI,erc20,"{'value': '0x13513da66019ef7dced7', 'address': '0xad996a45fd2373ed0b10efa4a8ecb9de445a4302', 'decimal': '0x12'}",{'blockTimestamp': '2022-04-28T00:17:26.000Z'}
886,0xdfd702,0x8d7e7e771f863dbed7dbbef9d9305b2b9cc303fbac0a17177acc4a1cbfbf4778:log:249,0x8d7e7e771f863dbed7dbbef9d9305b2b9cc303fbac0a17177acc4a1cbfbf4778,0x0000000000000000000000000000000000000000,0xcebda550ff74f50e2b4941b2824c99aff9bda3a6,91223.59178824068,,,,SHI,erc20,"{'value': '0x13513da66019ef7dced7', 'address': '0xad996a45fd2373ed0b10efa4a8ecb9de445a4302', 'decimal': '0x12'}",{'blockTimestamp': '2022-04-28T00:01:39.000Z'}
887,0xdfd35a,0x7941f1f706c6a27622cf27ed47d895acef77ac6eca7ca2c0020e1d3631ded1d3:log:60,0x7941f1f706c6a27622cf27ed47d895acef77ac6eca7ca2c0020e1d3631ded1d3,0x67ebc532d648e6164a6fd726ff0b39e69180dafe,0xf4efa119b67af251449ced01f1ea3f1c59a59c44,65027.495453406875,,,,SHI,erc20,"{'value': '0x0dc525c8986fcdae7770', 'address': '0xad996a45fd2373ed0b10efa4a8ecb9de445a4302', 'decimal': '0x12'}",{'blockTimestamp': '2022-04-27T20:22:40.000Z'}
888,0xdfd357,0x04525d836b6c54033f40974a4990239920dc100e522d66d664ff4f472c8728c2:log:8,0x04525d836b6c54033f40974a4990239920dc100e522d66d664ff4f472c8728c2,0x0000000000000000000000000000000000000000,0x67ebc532d648e6164a6fd726ff0b39e69180dafe,65027.495453406875,,,,SHI,erc20,"{'value': '0x0dc525c8986fcdae7770', 'address': '0xad996a45fd2373ed0b10efa4a8ecb9de445a4302', 'decimal': '0x12'}",{'blockTimestamp': '2022-04-27T20:21:53.000Z'}
889,0xdfd1b4,0xdd3b0ca8c458365e51c4744ff6f420f9547285ca92232392af0bdd21f3e87263:log:103,0xdd3b0ca8c458365e51c4744ff6f420f9547285ca92232392af0bdd21f3e87263,0x67ebc532d648e6164a6fd726ff0b39e69180dafe,0xf4efa119b67af251449ced01f1ea3f1c59a59c44,72531.05011239012,,,,SHI,erc20,"{'value': '0x0f5bea85df3eddadf148', 'address': '0xad996a45fd2373ed0b10efa4a8ecb9de445a4302', 'decimal': '0x12'}",{'blockTimestamp': '2022-04-27T18:49:28.000Z'}
890,0xdfd1b1,0x29f117653776fde15563887702c791b41715b58ddd1fa21569306c59bcb6abfb:log:169,0x29f117653776fde15563887702c791b41715b58ddd1fa21569306c59bcb6abfb,0x0000000000000000000000000000000000000000,0x67ebc532d648e6164a6fd726ff0b39e69180dafe,72531.05011239012,,,,SHI,erc20,"{'value': '0x0f5bea85df3eddadf148', 'address': '0xad996a45fd2373ed0b10efa4a8ecb9de445a4302', 'decimal': '0x12'}",{'blockTimestamp': '2022-04-27T18:48:32.000Z'}
891,0xdfd139,0x728146fb7c55f51b2ee9e5775a6ff719e0d593f625d7fadab0d98578297e2779:log:6,0x728146fb7c55f51b2ee9e5775a6ff719e0d593f625d7fadab0d98578297e2779,0xc825dd260adc29b078eb4135679f22adb381488c,0x0000000000000000000000000000000000000000,195197.55878525294,,,,SHI,erc20,"{'value': '0x2955ae4d2a32803c5800', 'address': '0xad996a45fd2373ed0b10efa4a8ecb9de445a4302', 'decimal': '0x12'}",{'blockTimestamp': '2022-04-27T18:17:19.000Z'}
892,0xdfd139,0x4d686813c7707ce034fa7ff2a06fea0c8470b238df76e9f37b936c222c7cc71d:log:3,0x4d686813c7707ce034fa7ff2a06fea0c8470b238df76e9f37b936c222c7cc71d,0xf4efa119b67af251449ced01f1ea3f1c59a59c44,0xc825dd260adc29b078eb4135679f22adb381488c,195347.54944795705,,,,SHI,erc20,"{'value': '0x295dcfd70b3df5edeef8', 'address': '0xad996a45fd2373ed0b10efa4a8ecb9de445a4302', 'decimal': '0x12'}",{'blockTimestamp': '2022-04-27T18:17:19.000Z'}
893,0xdfd115,0xad7d7748948d92cfd6fbd45a9ab851171ada6ce2fb117b6a0c2b98afc1ad4203:log:3,0xad7d7748948d92cfd6fbd45a9ab851171ada6ce2fb117b6a0c2b98afc1ad4203,0xc825dd260adc29b078eb4135679f22adb381488c,0x0000000000000000000000000000000000000000,45311.52985710907,,,,SHI,erc20,"{'value': '0x099857cbee443c712f80', 'address': '0xad996a45fd2373ed0b10efa4a8ecb9de445a4302', 'decimal': '0x12'}",{'blockTimestamp': '2022-04-27T18:11:05.000Z'}
894,0xdfd115,0x934b8801f19bd9521556ea9821832b6ff5ca343bf5a50bcbf86963020590b791:log:0,0x934b8801f19bd9521556ea9821832b6ff5ca343bf5a50bcbf86963020590b791,0xf4efa119b67af251449ced01f1ea3f1c59a59c44,0xc825dd260adc29b078eb4135679f22adb381488c,45356.88674385293,,,,SHI,erc20,"{'value': '0x099acd3ff672f1a91a38', 'address': '0xad996a45fd2373ed0b10efa4a8ecb9de445a4302', 'decimal': '0x12'}",{'blockTimestamp': '2022-04-27T18:11:05.000Z'}
895,0xdfcca2,0x521a496c13018a6115843a06b8b0f25d4b1710fb1a0ac12069154cb24544287b:log:46,0x521a496c13018a6115843a06b8b0f25d4b1710fb1a0ac12069154cb24544287b,0x67ebc532d648e6164a6fd726ff0b39e69180dafe,0xf4efa119b67af251449ced01f1ea3f1c59a59c44,64219.30396014923,,,,SHI,erc20,"{'value': '0x0d9955df9f4d0b25b642', 'address': '0xad996a45fd2373ed0b10efa4a8ecb9de445a4302', 'decimal': '0x12'}",{'blockTimestamp': '2022-04-27T14:08:07.000Z'}
896,0xdfcc9f,0x1fec5c87efd11d5d9b7bf27d68d6280f5b3293ce314caea58232e2c6083499a3:log:37,0x1fec5c87efd11d5d9b7bf27d68d6280f5b3293ce314caea58232e2c6083499a3,0x0000000000000000000000000000000000000000,0x67ebc532d648e6164a6fd726ff0b39e69180dafe,64219.30396014923,,,,SHI,erc20,"{'value': '0x0d9955df9f4d0b25b642', 'address': '0xad996a45fd2373ed0b10efa4a8ecb9de445a4302', 'decimal': '0x12'}",{'blockTimestamp': '2022-04-27T14:07:27.000Z'}
897,0xdfcc83,0xad6d1bf11c92dbf1e7385007886b497e082da8d75ddb276d25ecbe9585145550:log:46,0xad6d1bf11c92dbf1e7385007886b497e082da8d75ddb276d25ecbe9585145550,0xda9434e626dff1e4d07a8ca20ee856132894e775,0xf4efa119b67af251449ced01f1ea3f1c59a59c44,95931.05420407648,,,,SHI,erc20,"{'value': '0x14506ed07e1961a51b12', 'address': '0xad996a45fd2373ed0b10efa4a8ecb9de445a4302', 'decimal': '0x12'}",{'blockTimestamp': '2022-04-27T14:01:11.000Z'}
898,0xdfcc80,0x31b9016f5823951f4ad6df6ef8ad178501b37d75fe36204dee83925cc61d1d12:log:99,0x31b9016f5823951f4ad6df6ef8ad178501b37d75fe36204dee83925cc61d1d12,0xf4efa119b67af251449ced01f1ea3f1c59a59c44,0xda9434e626dff1e4d07a8ca20ee856132894e775,95931.05420407648,,,,SHI,erc20,"{'value': '0x14506ed07e1961a51b12', 'address': '0xad996a45fd2373ed0b10efa4a8ecb9de445a4302', 'decimal': '0x12'}",{'blockTimestamp': '2022-04-27T14:00:32.000Z'}
899,0xdfcc77,0xf113aab57f7f65eddfdd1191b5e56ef0d5b689bd4f32d87dbc7d447a4d77115d:log:28,0xf113aab57f7f65eddfdd1191b5e56ef0d5b689bd4f32d87dbc7d447a4d77115d,0x67ebc532d648e6164a6fd726ff0b39e69180dafe,0x0000000000000000000000000000000000000000,65307.63159174097,,,,SHI,erc20,"{'value': '0x0dd455741606d71045b0', 'address': '0xad996a45fd2373ed0b10efa4a8ecb9de445a4302', 'decimal': '0x12'}",{'blockTimestamp': '2022-04-27T13:58:09.000Z'}
900,0xdfcc77,0x6bc0bf7bcff7da5f5bccc57f9829f0cd2d75e0837780715797915a223727439d:log:24,0x6bc0bf7bcff7da5f5bccc57f9829f0cd2d75e0837780715797915a223727439d,0xf4efa119b67af251449ced01f1ea3f1c59a59c44,0x67ebc532d648e6164a6fd726ff0b39e69180dafe,65307.63159174097,,,,SHI,erc20,"{'value': '0x0dd455741606d71047a2', 'address': '0xad996a45fd2373ed0b10efa4a8ecb9de445a4302', 'decimal': '0x12'}",{'blockTimestamp': '2022-04-27T13:58:09.000Z'}
901,0xdfa4ec,0x337a6250677723296a084909a5abc003213c9d09533ec0fb39c2e786daeb9675:log:33,0x337a6250677723296a084909a5abc003213c9d09533ec0fb39c2e786daeb9675,0xda9434e626dff1e4d07a8ca20ee856132894e775,0xf4efa119b67af251449ced01f1ea3f1c59a59c44,132204.84304944496,,,,SHI,erc20,"{'value': '0x1bfed6c24e3115449452', 'address': '0xad996a45fd2373ed0b10efa4a8ecb9de445a4302', 'decimal': '0x12'}",{'blockTimestamp': '2022-04-25T23:38:43.000Z'}
902,0xdfa4e7,0x86101123832f097120f8723442ec84558901a435c2c2b3676d71a829c4c64171:log:107,0x86101123832f097120f8723442ec84558901a435c2c2b3676d71a829c4c64171,0x0000000000000000000000000000000000000000,0xda9434e626dff1e4d07a8ca20ee856132894e775,132204.84304944496,,,,SHI,erc20,"{'value': '0x1bfed6c24e3115449452', 'address': '0xad996a45fd2373ed0b10efa4a8ecb9de445a4302', 'decimal': '0x12'}",{'blockTimestamp': '2022-04-25T23:37:31.000Z'}
903,0xdf9b1d,0x7fe160a99429cd55570d24813e142ca9dde462756b1e31ac8480b5298a9b4b94:log:72,0x7fe160a99429cd55570d24813e142ca9dde462756b1e31ac8480b5298a9b4b94,0xf4efa119b67af251449ced01f1ea3f1c59a59c44,0x877df30bc8b5f077ecefced2f490a45091366173,2546.7536559046266,,,,SHI,erc20,"{'value': '0x8a0f4e8cc41eb00f9f', 'address': '0xad996a45fd2373ed0b10efa4a8ecb9de445a4302', 'decimal': '0x12'}",{'blockTimestamp': '2022-04-25T14:08:14.000Z'}
904,0xdf8686,0x367934244c7fb0d2bbcfe2e13608997f2bb2eb4ab1982addf6eea73631d82db7:log:51,0x367934244c7fb0d2bbcfe2e13608997f2bb2eb4ab1982addf6eea73631d82db7,0xd5f7a9b18a7a0ca96e8621707dfdceacd5fa6523,0xf4efa119b67af251449ced01f1ea3f1c59a59c44,1910.227083953963,,,,SHI,erc20,"{'value': '0x678db9e40a0e3fbf5e', 'address': '0xad996a45fd2373ed0b10efa4a8ecb9de445a4302', 'decimal': '0x12'}",{'blockTimestamp': '2022-04-24T18:15:17.000Z'}
905,0xdf79fe,0x594687f16b125d60366a28e37d6fa6ccbca617c1eb1aba7331f9fe0b77023a78:log:59,0x594687f16b125d60366a28e37d6fa6ccbca617c1eb1aba7331f9fe0b77023a78,0xf4efa119b67af251449ced01f1ea3f1c59a59c44,0xd5f7a9b18a7a0ca96e8621707dfdceacd5fa6523,1910.227083953963,,,,SHI,erc20,"{'value': '0x678db9e40a0e3fbf5e', 'address': '0xad996a45fd2373ed0b10efa4a8ecb9de445a4302', 'decimal': '0x12'}",{'blockTimestamp': '2022-04-24T06:01:53.000Z'}
906,0xdf78d8,0x1df1d25820b13ab8c7cc8bb11ba3571802028398ca8b602777678dbd22daa11a:log:210,0x1df1d25820b13ab8c7cc8bb11ba3571802028398ca8b602777678dbd22daa11a,0x75f9b1c92e1229654d44d5478d091d161cc61530,0xf4efa119b67af251449ced01f1ea3f1c59a59c44,84672.91664012702,,,,SHI,erc20,"{'value': '0x11ee20c52bdb397e3d2c', 'address': '0xad996a45fd2373ed0b10efa4a8ecb9de445a4302', 'decimal': '0x12'}",{'blockTimestamp': '2022-04-24T04:55:57.000Z'}
907,0xdf78ae,0xb8b2d078e89a8975bb1c2318b40d551125e3565fdc0401d1d90ab6b7cf6be33e:log:104,0xb8b2d078e89a8975bb1c2318b40d551125e3565fdc0401d1d90ab6b7cf6be33e,0xf4efa119b67af251449ced01f1ea3f1c59a59c44,0x75f9b1c92e1229654d44d5478d091d161cc61530,84672.91664012702,,,,SHI,erc20,"{'value': '0x11ee20c52bdb397e3d2c', 'address': '0xad996a45fd2373ed0b10efa4a8ecb9de445a4302', 'decimal': '0x12'}",{'blockTimestamp': '2022-04-24T04:47:37.000Z'}
908,0xdf62fd,0x1e2759b0a9d2d9496aa90f39055ac3f3eca83ac854433bed8e3a4fa909b7fbb1:log:168,0x1e2759b0a9d2d9496aa90f39055ac3f3eca83ac854433bed8e3a4fa909b7fbb1,0x555727a4a3b5080320799b1c9ed4392655c9a5f2,0xf4efa119b67af251449ced01f1ea3f1c59a59c44,2063.8937468916156,,,,SHI,erc20,"{'value': '0x6fe2478bd1f8b2dcc0', 'address': '0xad996a45fd2373ed0b10efa4a8ecb9de445a4302', 'decimal': '0x12'}",{'blockTimestamp': '2022-04-23T07:56:45.000Z'}
909,0xdf4859,0x81c7ea97aa3b7523591f4cdcd482b018985b1feedffb203872dab53db9f2a2a5:log:42,0x81c7ea97aa3b7523591f4cdcd482b018985b1feedffb203872dab53db9f2a2a5,0xa394e64b9e9eb7bb6641802f60394d3df08c015b,0xf4efa119b67af251449ced01f1ea3f1c59a59c44,46615.68706032582,,,,SHI,erc20,"{'value': '0x09df0a9d10df060d0e5b', 'address': '0xad996a45fd2373ed0b10efa4a8ecb9de445a4302', 'decimal': '0x12'}",{'blockTimestamp': '2022-04-22T06:24:05.000Z'}
910,0xdf4837,0x3e8b8d04477be1f752587397bc08b9dda50b749335946565ac63c808f8ca12e4:log:231,0x3e8b8d04477be1f752587397bc08b9dda50b749335946565ac63c808f8ca12e4,0x0000000000000000000000000000000000000000,0xa394e64b9e9eb7bb6641802f60394d3df08c015b,46614.78965105561,,,,SHI,erc20,"{'value': '0x09defe28d3e504552234', 'address': '0xad996a45fd2373ed0b10efa4a8ecb9de445a4302', 'decimal': '0x12'}",{'blockTimestamp': '2022-04-22T06:14:54.000Z'}
911,0xdf36b6,0xae310ee6f595a2094b04899f89aef8e29e684e380772200e5d8d61f91f3f9d89:log:33,0xae310ee6f595a2094b04899f89aef8e29e684e380772200e5d8d61f91f3f9d89,0xa394e64b9e9eb7bb6641802f60394d3df08c015b,0xf4efa119b67af251449ced01f1ea3f1c59a59c44,89740.02961190953,,,,SHI,erc20,"{'value': '0x1300d116bcfa36bf8400', 'address': '0xad996a45fd2373ed0b10efa4a8ecb9de445a4302', 'decimal': '0x12'}",{'blockTimestamp': '2022-04-21T13:23:14.000Z'}
912,0xdf36b5,0x2320a0b9f225579250db9003d33daeb58dc0105758abcb47bcb1887b14d06f24:log:55,0x2320a0b9f225579250db9003d33daeb58dc0105758abcb47bcb1887b14d06f24,0x0000000000000000000000000000000000000000,0xa394e64b9e9eb7bb6641802f60394d3df08c015b,89740.92702117974,,,,SHI,erc20,"{'value': '0x1300dd8af9f438777027', 'address': '0xad996a45fd2373ed0b10efa4a8ecb9de445a4302', 'decimal': '0x12'}",{'blockTimestamp': '2022-04-21T13:22:46.000Z'}
913,0xdef692,0xaa059221b9ae7561b6e43cc0677c5e676d27822fbfa9c525432445ab58ad8248:log:264,0xaa059221b9ae7561b6e43cc0677c5e676d27822fbfa9c525432445ab58ad8248,0x74de5d4fcbf63e00296fd95d33236b9794016631,0xf4efa119b67af251449ced01f1ea3f1c59a59c44,8000.0,,,,SHI,erc20,"{'value': '0x01b1ae4d6e2ef5000000', 'address': '0xad996a45fd2373ed0b10efa4a8ecb9de445a4302', 'decimal': '0x12'}",{'blockTimestamp': '2022-04-18T23:34:01.000Z'}
914,0xdef692,0xaa059221b9ae7561b6e43cc0677c5e676d27822fbfa9c525432445ab58ad8248:log:262,0xaa059221b9ae7561b6e43cc0677c5e676d27822fbfa9c525432445ab58ad8248,0x54f95bc917a3ebba0de3e3fb7c0b90b447f2215f,0x74de5d4fcbf63e00296fd95d33236b9794016631,8000.0,,,,SHI,erc20,"{'value': '0x01b1ae4d6e2ef5000000', 'address': '0xad996a45fd2373ed0b10efa4a8ecb9de445a4302', 'decimal': '0x12'}",{'blockTimestamp': '2022-04-18T23:34:01.000Z'}
915,0xdee35d,0x1222b51d5a9e15e87b99a066f833a6c8686598545c28026ae08de2160f5f6b1a:log:82,0x1222b51d5a9e15e87b99a066f833a6c8686598545c28026ae08de2160f5f6b1a,0xad233db0ba3dcc071b0625921ea01720cf0aba9f,0x0000000000000000000000000000000000000000,74272.0,,,,SHI,erc20,"{'value': '0x0fba4b0e5a1434800000', 'address': '0xad996a45fd2373ed0b10efa4a8ecb9de445a4302', 'decimal': '0x12'}",{'blockTimestamp': '2022-04-18T05:04:37.000Z'}
916,0xdee358,0x7bbfbd03e1f18e9c8d3165a9597b999069a698698aa6b284b89535ace7858385:log:65,0x7bbfbd03e1f18e9c8d3165a9597b999069a698698aa6b284b89535ace7858385,0xdef171fe48cf0115b1d80b88dc8eab59176fee57,0xad233db0ba3dcc071b0625921ea01720cf0aba9f,74272.0,,,,SHI,erc20,"{'value': '0x0fba4b0e5a1434800000', 'address': '0xad996a45fd2373ed0b10efa4a8ecb9de445a4302', 'decimal': '0x12'}",{'blockTimestamp': '2022-04-18T05:02:24.000Z'}
917,0xdee358,0x7bbfbd03e1f18e9c8d3165a9597b999069a698698aa6b284b89535ace7858385:log:62,0x7bbfbd03e1f18e9c8d3165a9597b999069a698698aa6b284b89535ace7858385,0xf4efa119b67af251449ced01f1ea3f1c59a59c44,0xdef171fe48cf0115b1d80b88dc8eab59176fee57,74272.0,,,,SHI,erc20,"{'value': '0x0fba4b0e5a1434800000', 'address': '0xad996a45fd2373ed0b10efa4a8ecb9de445a4302', 'decimal': '0x12'}",{'blockTimestamp': '2022-04-18T05:02:24.000Z'}
918,0xdeda97,0xcb251424b5cda319f53a0c81383f098eb7e15cdb9847e5c8e6b5e66f2bc139d3:log:71,0xcb251424b5cda319f53a0c81383f098eb7e15cdb9847e5c8e6b5e66f2bc139d3,0x65a8f07bd9a8598e1b5b6c0a88f4779dbc077675,0x0000000000000000000000000000000000000000,127108.53917677977,,,,SHI,erc20,"{'value': '0x1aea9155d360bd7572bc', 'address': '0xad996a45fd2373ed0b10efa4a8ecb9de445a4302', 'decimal': '0x12'}",{'blockTimestamp': '2022-04-17T20:39:54.000Z'}
919,0xdeda95,0x7567082ca0a51bd577a9b78a15e52eb17d7cb275a88a3346a110b96a102f7a2d:log:30,0x7567082ca0a51bd577a9b78a15e52eb17d7cb275a88a3346a110b96a102f7a2d,0xf4efa119b67af251449ced01f1ea3f1c59a59c44,0x65a8f07bd9a8598e1b5b6c0a88f4779dbc077675,127108.53917677977,,,,SHI,erc20,"{'value': '0x1aea9155d360bd7572bc', 'address': '0xad996a45fd2373ed0b10efa4a8ecb9de445a4302', 'decimal': '0x12'}",{'blockTimestamp': '2022-04-17T20:39:11.000Z'}
920,0xdeda7a,0xe9f33b92a61d821466dd85789d7e369e35b33b7f75ba925395eea39abde62b0d:log:204,0xe9f33b92a61d821466dd85789d7e369e35b33b7f75ba925395eea39abde62b0d,0xf4efa119b67af251449ced01f1ea3f1c59a59c44,0x4d3d7d3a3ca635fc2b794dfbb32e4d83d08da348,549.3108201992202,,,,SHI,erc20,"{'value': '0x1dc738109904fd0d88', 'address': '0xad996a45fd2373ed0b10efa4a8ecb9de445a4302', 'decimal': '0x12'}",{'blockTimestamp': '2022-04-17T20:33:39.000Z'}
921,0xdeda7a,0xd438f4b806ef6b9ae86435767ce0fe3b721200445f90a84666b58d0cdc9973a8:log:200,0xd438f4b806ef6b9ae86435767ce0fe3b721200445f90a84666b58d0cdc9973a8,0xf4efa119b67af251449ced01f1ea3f1c59a59c44,0x4d3d7d3a3ca635fc2b794dfbb32e4d83d08da348,549.3891417793197,,,,SHI,erc20,"{'value': '0x1dc84e51a8ed1228e6', 'address': '0xad996a45fd2373ed0b10efa4a8ecb9de445a4302', 'decimal': '0x12'}",{'blockTimestamp': '2022-04-17T20:33:39.000Z'}
922,0xdeb84d,0xfe77e40d2326646b80f79f95017a43fd14dec93274e982860d0400a84da4b5a0:log:16,0xfe77e40d2326646b80f79f95017a43fd14dec93274e982860d0400a84da4b5a0,0xa394e64b9e9eb7bb6641802f60394d3df08c015b,0xf4efa119b67af251449ced01f1ea3f1c59a59c44,113718.72608661008,,,,SHI,erc20,"{'value': '0x1814b459b42384f24c75', 'address': '0xad996a45fd2373ed0b10efa4a8ecb9de445a4302', 'decimal': '0x12'}",{'blockTimestamp': '2022-04-16T11:50:11.000Z'}
923,0xdeb840,0xa166680ccb3d665cc704e6a430aebeca9c81607bf6ec07a98bdaf0c7a57217e2:log:60,0xa166680ccb3d665cc704e6a430aebeca9c81607bf6ec07a98bdaf0c7a57217e2,0x0000000000000000000000000000000000000000,0xa394e64b9e9eb7bb6641802f60394d3df08c015b,113718.72608661008,,,,SHI,erc20,"{'value': '0x1814b459b42384f24c75', 'address': '0xad996a45fd2373ed0b10efa4a8ecb9de445a4302', 'decimal': '0x12'}",{'blockTimestamp': '2022-04-16T11:46:37.000Z'}
924,0xdeb743,0x6548f4ede5a0814afa95df4ac2405ae577114db39346cce69540767559fde93f:log:79,0x6548f4ede5a0814afa95df4ac2405ae577114db39346cce69540767559fde93f,0xdef171fe48cf0115b1d80b88dc8eab59176fee57,0xf4efa119b67af251449ced01f1ea3f1c59a59c44,81409.85004988493,,,,SHI,erc20,"{'value': '0x113d3c9fdc7fb85a2032', 'address': '0xad996a45fd2373ed0b10efa4a8ecb9de445a4302', 'decimal': '0x12'}",{'blockTimestamp': '2022-04-16T10:55:06.000Z'}
925,0xdeb743,0x6548f4ede5a0814afa95df4ac2405ae577114db39346cce69540767559fde93f:log:77,0x6548f4ede5a0814afa95df4ac2405ae577114db39346cce69540767559fde93f,0xad233db0ba3dcc071b0625921ea01720cf0aba9f,0xdef171fe48cf0115b1d80b88dc8eab59176fee57,81409.85004988493,,,,SHI,erc20,"{'value': '0x113d3c9fdc7fb85a2032', 'address': '0xad996a45fd2373ed0b10efa4a8ecb9de445a4302', 'decimal': '0x12'}",{'blockTimestamp': '2022-04-16T10:55:06.000Z'}
926,0xdeb73e,0x3ab0374c60025b2dc733be28bb639f9a8e5f1bec7f78b367d86fb26bfca2e83a:log:156,0x3ab0374c60025b2dc733be28bb639f9a8e5f1bec7f78b367d86fb26bfca2e83a,0x0000000000000000000000000000000000000000,0xad233db0ba3dcc071b0625921ea01720cf0aba9f,81409.85004988493,,,,SHI,erc20,"{'value': '0x113d3c9fdc7fb85a2032', 'address': '0xad996a45fd2373ed0b10efa4a8ecb9de445a4302', 'decimal': '0x12'}",{'blockTimestamp': '2022-04-16T10:53:05.000Z'}
927,0xdeb6fd,0xe1040ef18888f8f1d812bf9852d5f0b0de37ec9a22564153a8dd44616ebd3abe:log:340,0xe1040ef18888f8f1d812bf9852d5f0b0de37ec9a22564153a8dd44616ebd3abe,0xf4efa119b67af251449ced01f1ea3f1c59a59c44,0x70aade6ae0c73fa61ca3a6c276f60c235901065f,4601.682479246325,,,,SHI,erc20,"{'value': '0xf9752c4a1da80b9764', 'address': '0xad996a45fd2373ed0b10efa4a8ecb9de445a4302', 'decimal': '0x12'}",{'blockTimestamp': '2022-04-16T10:38:10.000Z'}
928,0xdeb63d,0xac1f9ee0cd69fa64ca63fc945a0ec7c798cde25250c7e4c4a97c19c007fe3482:log:278,0xac1f9ee0cd69fa64ca63fc945a0ec7c798cde25250c7e4c4a97c19c007fe3482,0x0000000000000000000000000000000000000000,0x34b6a2a9b01f5cfa0d8bcd20ab4109418a09808d,9289.78,,,,SHI,erc20,"{'value': '0x01f799987aa2d8520000', 'address': '0xad996a45fd2373ed0b10efa4a8ecb9de445a4302', 'decimal': '0x12'}",{'blockTimestamp': '2022-04-16T09:55:21.000Z'}
929,0xdeb205,0xca743542d1d87fb7baf1ba3bd1369b774baacfc725c54be3e5ee8a4145d0e6a3:log:23,0xca743542d1d87fb7baf1ba3bd1369b774baacfc725c54be3e5ee8a4145d0e6a3,0xdef171fe48cf0115b1d80b88dc8eab59176fee57,0xf4efa119b67af251449ced01f1ea3f1c59a59c44,91986.0147230145,,,,SHI,erc20,"{'value': '0x137a9264c3c9cb72026f', 'address': '0xad996a45fd2373ed0b10efa4a8ecb9de445a4302', 'decimal': '0x12'}",{'blockTimestamp': '2022-04-16T05:54:01.000Z'}
930,0xdeb205,0xca743542d1d87fb7baf1ba3bd1369b774baacfc725c54be3e5ee8a4145d0e6a3:log:19,0xca743542d1d87fb7baf1ba3bd1369b774baacfc725c54be3e5ee8a4145d0e6a3,0xad233db0ba3dcc071b0625921ea01720cf0aba9f,0xdef171fe48cf0115b1d80b88dc8eab59176fee57,91986.0147230145,,,,SHI,erc20,"{'value': '0x137a9264c3c9cb72026f', 'address': '0xad996a45fd2373ed0b10efa4a8ecb9de445a4302', 'decimal': '0x12'}",{'blockTimestamp': '2022-04-16T05:54:01.000Z'}
931,0xdeb1f3,0x003983208c9e0885d7a6ab5270eaa779dcd5cc127835fd8d7184fdfb8b512e7d:log:88,0x003983208c9e0885d7a6ab5270eaa779dcd5cc127835fd8d7184fdfb8b512e7d,0x0000000000000000000000000000000000000000,0xad233db0ba3dcc071b0625921ea01720cf0aba9f,91986.0147230145,,,,SHI,erc20,"{'value': '0x137a9264c3c9cb72026f', 'address': '0xad996a45fd2373ed0b10efa4a8ecb9de445a4302', 'decimal': '0x12'}",{'blockTimestamp': '2022-04-16T05:48:27.000Z'}
932,0xdeae74,0x0dde96204949f7f35498a54141ad5b44fd00b668f6ce68217db2c679cd7d72fc:log:502,0x0dde96204949f7f35498a54141ad5b44fd00b668f6ce68217db2c679cd7d72fc,0x6b2ca2fa58d59e9f05f809c0f695e34e14ec5797,0xf4efa119b67af251449ced01f1ea3f1c59a59c44,3400.8850953273663,,,,SHI,erc20,"{'value': '0xb85cc2ff89ec275813', 'address': '0xad996a45fd2373ed0b10efa4a8ecb9de445a4302', 'decimal': '0x12'}",{'blockTimestamp': '2022-04-16T02:17:06.000Z'}
933,0xdead47,0xa70af0b213c912d29da6b6f98c552fa4c1e2e3bf290612a0130a559a95566751:log:320,0xa70af0b213c912d29da6b6f98c552fa4c1e2e3bf290612a0130a559a95566751,0xf4efa119b67af251449ced01f1ea3f1c59a59c44,0x6b2ca2fa58d59e9f05f809c0f695e34e14ec5797,3400.8850953273663,,,,SHI,erc20,"{'value': '0xb85cc2ff89ec275813', 'address': '0xad996a45fd2373ed0b10efa4a8ecb9de445a4302', 'decimal': '0x12'}",{'blockTimestamp': '2022-04-16T01:12:50.000Z'}
934,0xde9c2e,0xf245a7c22ad19db5553db9439166ef4c23116177da02d3ed824c04d812f7e095:log:571,0xf245a7c22ad19db5553db9439166ef4c23116177da02d3ed824c04d812f7e095,0x1753d3e254db740793dfb671d4a2bf66e0578161,0xa983710bc2653e1d8fc130e36e347860001417b4,15000.0,,,,SHI,erc20,"{'value': '0x032d26d12e980b600000', 'address': '0xad996a45fd2373ed0b10efa4a8ecb9de445a4302', 'decimal': '0x12'}",{'blockTimestamp': '2022-04-15T08:54:55.000Z'}
935,0xde97cd,0x61d2e187bddc7fa18cf6e1c8d96223ac3177c9878c7dd3eb54dd72d3dc7c1af5:log:49,0x61d2e187bddc7fa18cf6e1c8d96223ac3177c9878c7dd3eb54dd72d3dc7c1af5,0x0000000000000000000000000000000000000000,0x623c72cb71dd583de01ada0ae48f01423bb904fd,81166.28000000001,,,,SHI,erc20,"{'value': '0x11300869369e34940000', 'address': '0xad996a45fd2373ed0b10efa4a8ecb9de445a4302', 'decimal': '0x12'}",{'blockTimestamp': '2022-04-15T04:31:42.000Z'}
936,0xde8dc8,0x2cc2353dc54efda682d46a85989c1f9adb9fb42414c027a1a1982bf8ec12258c:log:30,0x2cc2353dc54efda682d46a85989c1f9adb9fb42414c027a1a1982bf8ec12258c,0x0000000000000000000000000000000000000000,0x29ff980ab8086a525bd9845aeaa84622ba01f4c4,4745.7300000000005,,,,SHI,erc20,"{'value': '0x0101443be30b7a8d0000', 'address': '0xad996a45fd2373ed0b10efa4a8ecb9de445a4302', 'decimal': '0x12'}",{'blockTimestamp': '2022-04-14T18:59:06.000Z'}
937,0xde82c7,0xbcef932b56d1f28f40db1571ed7e7d7c9d95fb35da5d2141535511c1481d4a66:log:57,0xbcef932b56d1f28f40db1571ed7e7d7c9d95fb35da5d2141535511c1481d4a66,0x0000000000000000000000000000000000000000,0x4f3582d13c9bc28592e80e2542223f61572c710e,18888.68,,,,SHI,erc20,"{'value': '0x03fff517cf7bf9640000', 'address': '0xad996a45fd2373ed0b10efa4a8ecb9de445a4302', 'decimal': '0x12'}",{'blockTimestamp': '2022-04-14T08:29:34.000Z'}
938,0xde76ab,0xebd9b0d137f66cef1521a04da684c7fe4045033e700cd60d69a25d561767af21:log:546,0xebd9b0d137f66cef1521a04da684c7fe4045033e700cd60d69a25d561767af21,0x0000000000000000000000000000000000000000,0xbc19baa40f03119d17738c67a2c2f2536df960a3,48485.18,,,,SHI,erc20,"{'value': '0x0a44630a3481ba060000', 'address': '0xad996a45fd2373ed0b10efa4a8ecb9de445a4302', 'decimal': '0x12'}",{'blockTimestamp': '2022-04-13T20:49:02.000Z'}
939,0xde718a,0x57b8653f2b7cfe83aa6bb0e86994d3c4723d05f655e2ad7e9dc4ec41445b80f7:log:168,0x57b8653f2b7cfe83aa6bb0e86994d3c4723d05f655e2ad7e9dc4ec41445b80f7,0x0000000000000000000000000000000000000000,0xe7d81e3bd542606838250d81710b3a33aa281c0b,38535.979999999996,,,,SHI,erc20,"{'value': '0x08290a2745a0a59e0000', 'address': '0xad996a45fd2373ed0b10efa4a8ecb9de445a4302', 'decimal': '0x12'}",{'blockTimestamp': '2022-04-13T16:01:10.000Z'}
940,0xde7117,0xba8325e029b98ba332ff616b83c8990df277ab84fd20a333983ebff0e73561af:log:124,0xba8325e029b98ba332ff616b83c8990df277ab84fd20a333983ebff0e73561af,0x0000000000000000000000000000000000000000,0x1753d3e254db740793dfb671d4a2bf66e0578161,616341.98,,,,SHI,erc20,"{'value': '0x8283f7372a3c71160000', 'address': '0xad996a45fd2373ed0b10efa4a8ecb9de445a4302', 'decimal': '0x12'}",{'blockTimestamp': '2022-04-13T15:36:34.000Z'}
941,0xde70e4,0xfb817827f0d07eaef2d776742eee92e35e4ff71b2d69261b0452dca67b5b81c8:log:83,0xfb817827f0d07eaef2d776742eee92e35e4ff71b2d69261b0452dca67b5b81c8,0x0000000000000000000000000000000000000000,0x1753d3e254db740793dfb671d4a2bf66e0578161,28976.980000000003,,,,SHI,erc20,"{'value': '0x0622d86137614ea20000', 'address': '0xad996a45fd2373ed0b10efa4a8ecb9de445a4302', 'decimal': '0x12'}",{'blockTimestamp': '2022-04-13T15:26:04.000Z'}
942,0xde6fec,0xbfbf699bebb56a8d779b24d53749aa7d3b6799cb49aad56b7ba50df01671d8f0:log:107,0xbfbf699bebb56a8d779b24d53749aa7d3b6799cb49aad56b7ba50df01671d8f0,0x0000000000000000000000000000000000000000,0x8ed37113ed3bc93c84bec3c38b878398796eabc2,216.98,,,,SHI,erc20,"{'value': '0x0bc333d06404420000', 'address': '0xad996a45fd2373ed0b10efa4a8ecb9de445a4302', 'decimal': '0x12'}",{'blockTimestamp': '2022-04-13T14:31:39.000Z'}
943,0xde6fb8,0x990825626cfaccc6d2bdbc71a5aeb9c96321b615b5d28d609c4a56d253202cf9:log:44,0x990825626cfaccc6d2bdbc71a5aeb9c96321b615b5d28d609c4a56d253202cf9,0x0000000000000000000000000000000000000000,0xa284183771a7f5b6583ddadcafb3143158d9c2e0,1168.98,,,,SHI,erc20,"{'value': '0x3f5edb3c7a80220000', 'address': '0xad996a45fd2373ed0b10efa4a8ecb9de445a4302', 'decimal': '0x12'}",{'blockTimestamp': '2022-04-13T14:16:13.000Z'}
944,0xde6f95,0x081cee1983c01422a5ee9c25343229ac143abf424a50fd236cc81443aa11327b:log:0,0x081cee1983c01422a5ee9c25343229ac143abf424a50fd236cc81443aa11327b,0x0000000000000000000000000000000000000000,0xb87169b9d4546edbde9f79562fbe2bd337ef8143,50757.98,,,,SHI,erc20,"{'value': '0x0abf9879dab23dd60000', 'address': '0xad996a45fd2373ed0b10efa4a8ecb9de445a4302', 'decimal': '0x12'}",{'blockTimestamp': '2022-04-13T14:08:40.000Z'}
945,0xde6e93,0x922d59f566ebf9b076f469afe37abab67f85526a7b6bb75644a6458fab35ccb5:log:291,0x922d59f566ebf9b076f469afe37abab67f85526a7b6bb75644a6458fab35ccb5,0x2e3520509f833db6f3ac761a2c5d8af2ec72f895,0xf4efa119b67af251449ced01f1ea3f1c59a59c44,1021.5447210687034,,,,SHI,erc20,"{'value': '0x3760c7e76fa391e515', 'address': '0xad996a45fd2373ed0b10efa4a8ecb9de445a4302', 'decimal': '0x12'}",{'blockTimestamp': '2022-04-13T13:11:26.000Z'}
946,0xde4d9b,0x5ab04b7ec8f1967d778fa1f4d1fb7f413497179a27ea3508abfe4bd116de13eb:log:307,0x5ab04b7ec8f1967d778fa1f4d1fb7f413497179a27ea3508abfe4bd116de13eb,0xad233db0ba3dcc071b0625921ea01720cf0aba9f,0x0000000000000000000000000000000000000000,72685.47369187264,,,,SHI,erc20,"{'value': '0x0f644994a29d1d297c71', 'address': '0xad996a45fd2373ed0b10efa4a8ecb9de445a4302', 'decimal': '0x12'}",{'blockTimestamp': '2022-04-12T05:28:13.000Z'}
947,0xde4d96,0x5d921d045d348c3d347deefe1c5bea5f454da1483b82aa6ff41dc46ae08bb924:log:62,0x5d921d045d348c3d347deefe1c5bea5f454da1483b82aa6ff41dc46ae08bb924,0xdef171fe48cf0115b1d80b88dc8eab59176fee57,0xad233db0ba3dcc071b0625921ea01720cf0aba9f,72685.47369187264,,,,SHI,erc20,"{'value': '0x0f644994a29d1d297c71', 'address': '0xad996a45fd2373ed0b10efa4a8ecb9de445a4302', 'decimal': '0x12'}",{'blockTimestamp': '2022-04-12T05:26:36.000Z'}
948,0xde4d96,0x5d921d045d348c3d347deefe1c5bea5f454da1483b82aa6ff41dc46ae08bb924:log:61,0x5d921d045d348c3d347deefe1c5bea5f454da1483b82aa6ff41dc46ae08bb924,0xdef171fe48cf0115b1d80b88dc8eab59176fee57,0xb1720612d0131839dc489fcf20398ea925282fca,0.23032741172170323,,,,SHI,erc20,"{'value': '0x0332498f85b50f47', 'address': '0xad996a45fd2373ed0b10efa4a8ecb9de445a4302', 'decimal': '0x12'}",{'blockTimestamp': '2022-04-12T05:26:36.000Z'}
949,0xde4d96,0x5d921d045d348c3d347deefe1c5bea5f454da1483b82aa6ff41dc46ae08bb924:log:58,0x5d921d045d348c3d347deefe1c5bea5f454da1483b82aa6ff41dc46ae08bb924,0xf4efa119b67af251449ced01f1ea3f1c59a59c44,0xdef171fe48cf0115b1d80b88dc8eab59176fee57,72685.70401928436,,,,SHI,erc20,"{'value': '0x0f644cc6ec2ca2de8bb8', 'address': '0xad996a45fd2373ed0b10efa4a8ecb9de445a4302', 'decimal': '0x12'}",{'blockTimestamp': '2022-04-12T05:26:36.000Z'}
950,0xde4767,0x0d61d57f3b7552bc487a5733f3d4d94467208de8d3fbd0933e4706cfd1a4d01c:log:272,0x0d61d57f3b7552bc487a5733f3d4d94467208de8d3fbd0933e4706cfd1a4d01c,0x74de5d4fcbf63e00296fd95d33236b9794016631,0x29d8c087da9120d414a0158ed85045aedef71b03,1425.0581546192966,,,,SHI,erc20,"{'value': '0x4d40a7995834db044b', 'address': '0xad996a45fd2373ed0b10efa4a8ecb9de445a4302', 'decimal': '0x12'}",{'blockTimestamp': '2022-04-11T23:18:01.000Z'}
951,0xde4767,0x0d61d57f3b7552bc487a5733f3d4d94467208de8d3fbd0933e4706cfd1a4d01c:log:269,0x0d61d57f3b7552bc487a5733f3d4d94467208de8d3fbd0933e4706cfd1a4d01c,0xf4efa119b67af251449ced01f1ea3f1c59a59c44,0x74de5d4fcbf63e00296fd95d33236b9794016631,1425.0581546192966,,,,SHI,erc20,"{'value': '0x4d40a7995834db044b', 'address': '0xad996a45fd2373ed0b10efa4a8ecb9de445a4302', 'decimal': '0x12'}",{'blockTimestamp': '2022-04-11T23:18:01.000Z'}
952,0xde3fae,0x704955a99706855fa04435a4b7a85ee6521ac9c81a8119830acccd466b054982:log:571,0x704955a99706855fa04435a4b7a85ee6521ac9c81a8119830acccd466b054982,0xd3d834d252be455b85f94aa14863f06dc8733373,0xd862815d39927da3f508fc33c0c4893c5bc8607f,2965.163384711452,,,,SHI,erc20,"{'value': '0xa0bde88449410a56fb', 'address': '0xad996a45fd2373ed0b10efa4a8ecb9de445a4302', 'decimal': '0x12'}",{'blockTimestamp': '2022-04-11T15:50:56.000Z'}
953,0xde077c,0x41c32e551f2c5666dad4fd1882b2b6cb2ca3411c877c72ba06a2f8ec73b18fa4:log:153,0x41c32e551f2c5666dad4fd1882b2b6cb2ca3411c877c72ba06a2f8ec73b18fa4,0xece3c248801a384ad9e670c7b438953db82e866e,0x00654cc1b565e52454b2d14195d888e96f3ead4f,41600.0,,,,SHI,erc20,"{'value': '0x08cf23f909c0fa000000', 'address': '0xad996a45fd2373ed0b10efa4a8ecb9de445a4302', 'decimal': '0x12'}",{'blockTimestamp': '2022-04-09T10:11:47.000Z'}
954,0xde05d0,0x8d14f2bbfc92a8fa1b6d2eb2c7169e5a7447a54858301c0a87d141546c23bbbd:log:27,0x8d14f2bbfc92a8fa1b6d2eb2c7169e5a7447a54858301c0a87d141546c23bbbd,0xad233db0ba3dcc071b0625921ea01720cf0aba9f,0x0000000000000000000000000000000000000000,61691.10304770263,,,,SHI,erc20,"{'value': '0x0d104809a869cccb7d2f', 'address': '0xad996a45fd2373ed0b10efa4a8ecb9de445a4302', 'decimal': '0x12'}",{'blockTimestamp': '2022-04-09T08:36:03.000Z'}
955,0xde05cd,0xd51a36f08124b012645eef67d6a25a24b3982fe7d25184a14b0e04770150f28b:log:47,0xd51a36f08124b012645eef67d6a25a24b3982fe7d25184a14b0e04770150f28b,0xf4efa119b67af251449ced01f1ea3f1c59a59c44,0xad233db0ba3dcc071b0625921ea01720cf0aba9f,61691.10304770263,,,,SHI,erc20,"{'value': '0x0d104809a869cccb7d2f', 'address': '0xad996a45fd2373ed0b10efa4a8ecb9de445a4302', 'decimal': '0x12'}",{'blockTimestamp': '2022-04-09T08:35:19.000Z'}
956,0xdde085,0xe9f7ed85aede699e41e96d49f2263c3deff40f12fb1a931dee4814dd6ef0ca37:log:144,0xe9f7ed85aede699e41e96d49f2263c3deff40f12fb1a931dee4814dd6ef0ca37,0x74de5d4fcbf63e00296fd95d33236b9794016631,0xf4efa119b67af251449ced01f1ea3f1c59a59c44,12894.0,,,,SHI,erc20,"{'value': '0x02bafc322ca8feb80000', 'address': '0xad996a45fd2373ed0b10efa4a8ecb9de445a4302', 'decimal': '0x12'}",{'blockTimestamp': '2022-04-07T20:32:57.000Z'}
957,0xdde085,0xe9f7ed85aede699e41e96d49f2263c3deff40f12fb1a931dee4814dd6ef0ca37:log:142,0xe9f7ed85aede699e41e96d49f2263c3deff40f12fb1a931dee4814dd6ef0ca37,0x54f95bc917a3ebba0de3e3fb7c0b90b447f2215f,0x74de5d4fcbf63e00296fd95d33236b9794016631,12894.0,,,,SHI,erc20,"{'value': '0x02bafc322ca8feb80000', 'address': '0xad996a45fd2373ed0b10efa4a8ecb9de445a4302', 'decimal': '0x12'}",{'blockTimestamp': '2022-04-07T20:32:57.000Z'}
958,0xdde071,0xa2421ea1429afe9d5b7069b00a10abc2efe3d0b2d7c20db7a5fd350b3eed68f2:log:134,0xa2421ea1429afe9d5b7069b00a10abc2efe3d0b2d7c20db7a5fd350b3eed68f2,0x74de5d4fcbf63e00296fd95d33236b9794016631,0x54f95bc917a3ebba0de3e3fb7c0b90b447f2215f,22894.298407510545,,,,SHI,erc20,"{'value': '0x04d91a371e70714f1445', 'address': '0xad996a45fd2373ed0b10efa4a8ecb9de445a4302', 'decimal': '0x12'}",{'blockTimestamp': '2022-04-07T20:28:33.000Z'}
959,0xdde071,0xa2421ea1429afe9d5b7069b00a10abc2efe3d0b2d7c20db7a5fd350b3eed68f2:log:130,0xa2421ea1429afe9d5b7069b00a10abc2efe3d0b2d7c20db7a5fd350b3eed68f2,0xf4efa119b67af251449ced01f1ea3f1c59a59c44,0x74de5d4fcbf63e00296fd95d33236b9794016631,22894.298407510545,,,,SHI,erc20,"{'value': '0x04d91a371e70714f1445', 'address': '0xad996a45fd2373ed0b10efa4a8ecb9de445a4302', 'decimal': '0x12'}",{'blockTimestamp': '2022-04-07T20:28:33.000Z'}
960,0xdda294,0x5626240b2ac49976b3de5b5817a39b2f373a8238ad3da68a8f507497f046a97f:log:165,0x5626240b2ac49976b3de5b5817a39b2f373a8238ad3da68a8f507497f046a97f,0xf4efa119b67af251449ced01f1ea3f1c59a59c44,0x7ce181fb7448307be7888456d760efc25622769c,2500.0,,,,SHI,erc20,"{'value': '0x878678326eac900000', 'address': '0xad996a45fd2373ed0b10efa4a8ecb9de445a4302', 'decimal': '0x12'}",{'blockTimestamp': '2022-04-05T09:24:49.000Z'}
961,0xdda085,0xa13e2c0c10bde15702c3e1539bc473b67103a225115c07de19736b8545e46ef0:log:66,0xa13e2c0c10bde15702c3e1539bc473b67103a225115c07de19736b8545e46ef0,0xa394e64b9e9eb7bb6641802f60394d3df08c015b,0xf4efa119b67af251449ced01f1ea3f1c59a59c44,98828.88,,,,SHI,erc20,"{'value': '0x14ed8639d6270b080000', 'address': '0xad996a45fd2373ed0b10efa4a8ecb9de445a4302', 'decimal': '0x12'}",{'blockTimestamp': '2022-04-05T07:24:34.000Z'}
962,0xdda071,0x77072c435d8dfdb7779882a3401c0cb2580e8453240516783180cfd625f6ffce:log:224,0x77072c435d8dfdb7779882a3401c0cb2580e8453240516783180cfd625f6ffce,0x0000000000000000000000000000000000000000,0xa394e64b9e9eb7bb6641802f60394d3df08c015b,98828.88,,,,SHI,erc20,"{'value': '0x14ed8639d6270b080000', 'address': '0xad996a45fd2373ed0b10efa4a8ecb9de445a4302', 'decimal': '0x12'}",{'blockTimestamp': '2022-04-05T07:19:55.000Z'}
963,0xdd8e55,0x9880fc78922147a410ebc750cc8ab7509922f2b42d669c57ef946829d882424b:log:215,0x9880fc78922147a410ebc750cc8ab7509922f2b42d669c57ef946829d882424b,0xece3c248801a384ad9e670c7b438953db82e866e,0xb5f86d5f27d0377b891c27f1d6f52cf80cbec961,99899.99999999999,,,,SHI,erc20,"{'value': '0x15279700831d93700000', 'address': '0xad996a45fd2373ed0b10efa4a8ecb9de445a4302', 'decimal': '0x12'}",{'blockTimestamp': '2022-04-04T13:53:23.000Z'}
964,0xdd8839,0x5feaee065ba0a01d0e303153924e2fb0970226cb304830106b9480219a7cf30a:log:183,0x5feaee065ba0a01d0e303153924e2fb0970226cb304830106b9480219a7cf30a,0x74de5d4fcbf63e00296fd95d33236b9794016631,0xf4efa119b67af251449ced01f1ea3f1c59a59c44,18885.77356506011,,,,SHI,erc20,"{'value': '0x03ffccc2144e2e76e868', 'address': '0xad996a45fd2373ed0b10efa4a8ecb9de445a4302', 'decimal': '0x12'}",{'blockTimestamp': '2022-04-04T07:59:14.000Z'}
965,0xdd8839,0x5feaee065ba0a01d0e303153924e2fb0970226cb304830106b9480219a7cf30a:log:180,0x5feaee065ba0a01d0e303153924e2fb0970226cb304830106b9480219a7cf30a,0xb3f323a2ac7b6922c2f62d9dbdcdb43cc5fc10f0,0x74de5d4fcbf63e00296fd95d33236b9794016631,18885.77356506011,,,,SHI,erc20,"{'value': '0x03ffccc2144e2e76e868', 'address': '0xad996a45fd2373ed0b10efa4a8ecb9de445a4302', 'decimal': '0x12'}",{'blockTimestamp': '2022-04-04T07:59:14.000Z'}
966,0xdd880d,0x70e9746e505cc7608cf18fac29e00a142bdfe1fb81c5644bca45cff8a66d3c39:log:315,0x70e9746e505cc7608cf18fac29e00a142bdfe1fb81c5644bca45cff8a66d3c39,0x74de5d4fcbf63e00296fd95d33236b9794016631,0xb3f323a2ac7b6922c2f62d9dbdcdb43cc5fc10f0,17121.580348769978,,,,SHI,erc20,"{'value': '0x03a029a8b52f8f4bfe40', 'address': '0xad996a45fd2373ed0b10efa4a8ecb9de445a4302', 'decimal': '0x12'}",{'blockTimestamp': '2022-04-04T07:50:06.000Z'}
967,0xdd880d,0x70e9746e505cc7608cf18fac29e00a142bdfe1fb81c5644bca45cff8a66d3c39:log:311,0x70e9746e505cc7608cf18fac29e00a142bdfe1fb81c5644bca45cff8a66d3c39,0xf4efa119b67af251449ced01f1ea3f1c59a59c44,0x74de5d4fcbf63e00296fd95d33236b9794016631,17121.580348769978,,,,SHI,erc20,"{'value': '0x03a029a8b52f8f4bfe40', 'address': '0xad996a45fd2373ed0b10efa4a8ecb9de445a4302', 'decimal': '0x12'}",{'blockTimestamp': '2022-04-04T07:50:06.000Z'}
968,0xdd7e3a,0x1cf760a349c56927ffdf12059c152e1fcaa3dd71e9abcc5e3ca62797ace9821e:log:124,0x1cf760a349c56927ffdf12059c152e1fcaa3dd71e9abcc5e3ca62797ace9821e,0xad233db0ba3dcc071b0625921ea01720cf0aba9f,0xf4efa119b67af251449ced01f1ea3f1c59a59c44,92116.35386246875,,,,SHI,erc20,"{'value': '0x1381a336688e381d2449', 'address': '0xad996a45fd2373ed0b10efa4a8ecb9de445a4302', 'decimal': '0x12'}",{'blockTimestamp': '2022-04-03T22:20:00.000Z'}
969,0xdd7e37,0xd7fd4ce1324d098d86ecd1663329da2ee3122219545692b608762db92a30a48c:log:51,0xd7fd4ce1324d098d86ecd1663329da2ee3122219545692b608762db92a30a48c,0x0000000000000000000000000000000000000000,0xad233db0ba3dcc071b0625921ea01720cf0aba9f,92116.35386246875,,,,SHI,erc20,"{'value': '0x1381a336688e381d2449', 'address': '0xad996a45fd2373ed0b10efa4a8ecb9de445a4302', 'decimal': '0x12'}",{'blockTimestamp': '2022-04-03T22:19:07.000Z'}
970,0xdd7b3b,0xaaefc8414e6a9304114761e32e50422f48dd46b56fe345e54249e623254fb005:log:433,0xaaefc8414e6a9304114761e32e50422f48dd46b56fe345e54249e623254fb005,0xf4efa119b67af251449ced01f1ea3f1c59a59c44,0xd3d834d252be455b85f94aa14863f06dc8733373,2965.163384711452,,,,SHI,erc20,"{'value': '0xa0bde88449410a56fb', 'address': '0xad996a45fd2373ed0b10efa4a8ecb9de445a4302', 'decimal': '0x12'}",{'blockTimestamp': '2022-04-03T19:25:47.000Z'}
971,0xdd6f4c,0x2dfc36fd849864cda1bc0ec79c0e4b8f07ff0414b6d2fa2650f1928e05b37cbc:log:672,0x2dfc36fd849864cda1bc0ec79c0e4b8f07ff0414b6d2fa2650f1928e05b37cbc,0xe4bfd7a13761e49cca4fdd49f88182f6d13ed25b,0xf4efa119b67af251449ced01f1ea3f1c59a59c44,981.7060646566687,,,,SHI,erc20,"{'value': '0x3537e89080eb66ae94', 'address': '0xad996a45fd2373ed0b10efa4a8ecb9de445a4302', 'decimal': '0x12'}",{'blockTimestamp': '2022-04-03T07:50:15.000Z'}
972,0xdd6896,0x919f2fc439b2579179313ca36c7a19c92bd0bc0621eb630dcb8f28b3098afe20:log:115,0x919f2fc439b2579179313ca36c7a19c92bd0bc0621eb630dcb8f28b3098afe20,0x74de5d4fcbf63e00296fd95d33236b9794016631,0xb3f323a2ac7b6922c2f62d9dbdcdb43cc5fc10f0,1764.1932162901314,,,,SHI,erc20,"{'value': '0x5fa3195f1e9f2aea28', 'address': '0xad996a45fd2373ed0b10efa4a8ecb9de445a4302', 'decimal': '0x12'}",{'blockTimestamp': '2022-04-03T01:29:53.000Z'}
973,0xdd6896,0x919f2fc439b2579179313ca36c7a19c92bd0bc0621eb630dcb8f28b3098afe20:log:112,0x919f2fc439b2579179313ca36c7a19c92bd0bc0621eb630dcb8f28b3098afe20,0xf4efa119b67af251449ced01f1ea3f1c59a59c44,0x74de5d4fcbf63e00296fd95d33236b9794016631,1764.1932162901314,,,,SHI,erc20,"{'value': '0x5fa3195f1e9f2aea28', 'address': '0xad996a45fd2373ed0b10efa4a8ecb9de445a4302', 'decimal': '0x12'}",{'blockTimestamp': '2022-04-03T01:29:53.000Z'}
974,0xdd6307,0x1494ad54b0cd2e311b765a5ce96e8dce0c4b2a43bd8dd71c4c065b0d5ce9f148:log:147,0x1494ad54b0cd2e311b765a5ce96e8dce0c4b2a43bd8dd71c4c065b0d5ce9f148,0xad233db0ba3dcc071b0625921ea01720cf0aba9f,0xf4efa119b67af251449ced01f1ea3f1c59a59c44,100538.84322411557,,,,SHI,erc20,"{'value': '0x154a38bb92b650f4da19', 'address': '0xad996a45fd2373ed0b10efa4a8ecb9de445a4302', 'decimal': '0x12'}",{'blockTimestamp': '2022-04-02T20:15:23.000Z'}
975,0xdd6304,0xc3be53ff4a9b3741f087533cad4aab149547ad6e0930fee1b0b7f280ec99f69c:log:200,0xc3be53ff4a9b3741f087533cad4aab149547ad6e0930fee1b0b7f280ec99f69c,0x0000000000000000000000000000000000000000,0xad233db0ba3dcc071b0625921ea01720cf0aba9f,100538.84322338631,,,,SHI,erc20,"{'value': '0x154a38bb920c8601b3b3', 'address': '0xad996a45fd2373ed0b10efa4a8ecb9de445a4302', 'decimal': '0x12'}",{'blockTimestamp': '2022-04-02T20:14:29.000Z'}
976,0xdd5c61,0x1dbe0f31f497191910086409877a7669d6fc66990b211efa7ba1b11970d5713d:log:130,0x1dbe0f31f497191910086409877a7669d6fc66990b211efa7ba1b11970d5713d,0xf4efa119b67af251449ced01f1ea3f1c59a59c44,0xe4bfd7a13761e49cca4fdd49f88182f6d13ed25b,981.7060646566687,,,,SHI,erc20,"{'value': '0x3537e89080eb66ae94', 'address': '0xad996a45fd2373ed0b10efa4a8ecb9de445a4302', 'decimal': '0x12'}",{'blockTimestamp': '2022-04-02T13:55:21.000Z'}
977,0xdd5546,0x60b006cc416863c49f1f2061a4a9e4a22a5e7c289467adcb3c50cb366aea7a3a:log:587,0x60b006cc416863c49f1f2061a4a9e4a22a5e7c289467adcb3c50cb366aea7a3a,0x8a3a35ac89083a94122927492aacaf8c55bb23a7,0xf4efa119b67af251449ced01f1ea3f1c59a59c44,5574.908269462722,,,,SHI,erc20,"{'value': '0x012e3764ddf2493e899e', 'address': '0xad996a45fd2373ed0b10efa4a8ecb9de445a4302', 'decimal': '0x12'}",{'blockTimestamp': '2022-04-02T06:54:35.000Z'}
978,0xdd551a,0x31d252ec70183bfcb0ecdb0b50450540ee321762f78fcd87a412106782cddb39:log:113,0x31d252ec70183bfcb0ecdb0b50450540ee321762f78fcd87a412106782cddb39,0xf4efa119b67af251449ced01f1ea3f1c59a59c44,0x8a3a35ac89083a94122927492aacaf8c55bb23a7,5574.908269462722,,,,SHI,erc20,"{'value': '0x012e3764ddf2493e899e', 'address': '0xad996a45fd2373ed0b10efa4a8ecb9de445a4302', 'decimal': '0x12'}",{'blockTimestamp': '2022-04-02T06:46:17.000Z'}
979,0xdd4849,0x9871c7ba19f0094ec579e14c2bcd0d8cfb9f5c89c19024d51f876f21a23ab4ca:log:128,0x9871c7ba19f0094ec579e14c2bcd0d8cfb9f5c89c19024d51f876f21a23ab4ca,0xc825dd260adc29b078eb4135679f22adb381488c,0xf4efa119b67af251449ced01f1ea3f1c59a59c44,77806.58669552536,,,,SHI,erc20,"{'value': '0x1079e74cda9dc6c44580', 'address': '0xad996a45fd2373ed0b10efa4a8ecb9de445a4302', 'decimal': '0x12'}",{'blockTimestamp': '2022-04-01T18:22:14.000Z'}
980,0xdd4848,0xec45bb583d53e81933198c4a62ed016856220d38147b18769520105e7acbeec1:log:29,0xec45bb583d53e81933198c4a62ed016856220d38147b18769520105e7acbeec1,0x0000000000000000000000000000000000000000,0xc825dd260adc29b078eb4135679f22adb381488c,77806.58669552536,,,,SHI,erc20,"{'value': '0x1079e74cda9dc6c44580', 'address': '0xad996a45fd2373ed0b10efa4a8ecb9de445a4302', 'decimal': '0x12'}",{'blockTimestamp': '2022-04-01T18:22:09.000Z'}
981,0xdd401e,0x7d09445a67f1fde33f087a75619766fa0b9b94dc27ff7b6744d5c96df5e3179f:log:50,0x7d09445a67f1fde33f087a75619766fa0b9b94dc27ff7b6744d5c96df5e3179f,0xece3c248801a384ad9e670c7b438953db82e866e,0x5fc288f721fa90616223dbd89d5cb9434bcf8a3f,532400.0,,,,SHI,erc20,"{'value': '0x70bd763a97e830c00000', 'address': '0xad996a45fd2373ed0b10efa4a8ecb9de445a4302', 'decimal': '0x12'}",{'blockTimestamp': '2022-04-01T10:44:17.000Z'}
982,0xdd3c03,0xa9ed8bbdc6e610d181d564fd0c0d4e1d3d81cb0150f5816bca8677bd6e2449b6:log:87,0xa9ed8bbdc6e610d181d564fd0c0d4e1d3d81cb0150f5816bca8677bd6e2449b6,0x65a8f07bd9a8598e1b5b6c0a88f4779dbc077675,0xf4efa119b67af251449ced01f1ea3f1c59a59c44,84980.4213602664,,,,SHI,erc20,"{'value': '0x11fecc416597e0118243', 'address': '0xad996a45fd2373ed0b10efa4a8ecb9de445a4302', 'decimal': '0x12'}",{'blockTimestamp': '2022-04-01T06:47:06.000Z'}
983,0xdd3c02,0x3ab4047a3dcf80575a231cae4090861407a2080110828a2e0d26b2e525787f74:log:15,0x3ab4047a3dcf80575a231cae4090861407a2080110828a2e0d26b2e525787f74,0x0000000000000000000000000000000000000000,0x65a8f07bd9a8598e1b5b6c0a88f4779dbc077675,84980.4213602664,,,,SHI,erc20,"{'value': '0x11fecc416597e0118243', 'address': '0xad996a45fd2373ed0b10efa4a8ecb9de445a4302', 'decimal': '0x12'}",{'blockTimestamp': '2022-04-01T06:47:02.000Z'}
984,0xdd361f,0xb9810778d696f1442a9adaed3f0eed34b0b5bfd4d36805122e4490d0012e6c5b:log:59,0xb9810778d696f1442a9adaed3f0eed34b0b5bfd4d36805122e4490d0012e6c5b,0xf4efa119b67af251449ced01f1ea3f1c59a59c44,0x2e3520509f833db6f3ac761a2c5d8af2ec72f895,1021.5447210687034,,,,SHI,erc20,"{'value': '0x3760c7e76fa391e515', 'address': '0xad996a45fd2373ed0b10efa4a8ecb9de445a4302', 'decimal': '0x12'}",{'blockTimestamp': '2022-04-01T00:58:04.000Z'}
985,0xdd3168,0x48d3ddb765c2471f63cc17bc31389ce27640efc1739ff3a8d66288cb15506b2c:log:5,0x48d3ddb765c2471f63cc17bc31389ce27640efc1739ff3a8d66288cb15506b2c,0xad233db0ba3dcc071b0625921ea01720cf0aba9f,0xf4efa119b67af251449ced01f1ea3f1c59a59c44,88966.292425,,,,SHI,erc20,"{'value': '0x12d6df540ceb22c99000', 'address': '0xad996a45fd2373ed0b10efa4a8ecb9de445a4302', 'decimal': '0x12'}",{'blockTimestamp': '2022-03-31T20:30:52.000Z'}
986,0xdd3164,0x1da268936071e7ba0a225f37fcdc735d018f586b3d3cad03515650570678487b:log:48,0x1da268936071e7ba0a225f37fcdc735d018f586b3d3cad03515650570678487b,0x0000000000000000000000000000000000000000,0xad233db0ba3dcc071b0625921ea01720cf0aba9f,88966.29242572926,,,,SHI,erc20,"{'value': '0x12d6df540d94edbcb666', 'address': '0xad996a45fd2373ed0b10efa4a8ecb9de445a4302', 'decimal': '0x12'}",{'blockTimestamp': '2022-03-31T20:29:56.000Z'}
987,0xdd2f2f,0x39d31d7ddab8fcabd4d3732a1a1b6120c096946f4967ef62a66fd06ccee3408b:log:32,0x39d31d7ddab8fcabd4d3732a1a1b6120c096946f4967ef62a66fd06ccee3408b,0xece3c248801a384ad9e670c7b438953db82e866e,0xadbd8624258858b151162b55d7df448d5bcae08b,36300.0,,,,SHI,erc20,"{'value': '0x07afd3b28a5b77b00000', 'address': '0xad996a45fd2373ed0b10efa4a8ecb9de445a4302', 'decimal': '0x12'}",{'blockTimestamp': '2022-03-31T18:19:32.000Z'}
988,0xdd27df,0xb2428cbb5c89b051701c32dabdbfdcfcaefb8f628098c34e07fd8931c6bf57d6:log:63,0xb2428cbb5c89b051701c32dabdbfdcfcaefb8f628098c34e07fd8931c6bf57d6,0x5c0adf1a889527c036b06747a5133e164b4016ee,0xf4efa119b67af251449ced01f1ea3f1c59a59c44,1001.0,,,,SHI,erc20,"{'value': '0x3643aa647986040000', 'address': '0xad996a45fd2373ed0b10efa4a8ecb9de445a4302', 'decimal': '0x12'}",{'blockTimestamp': '2022-03-31T11:25:23.000Z'}
989,0xdd274c,0xd782355120e6a0a43673800a3cbf1f1961f155429138514cf1f97b102b18f78f:log:173,0xd782355120e6a0a43673800a3cbf1f1961f155429138514cf1f97b102b18f78f,0xf4efa119b67af251449ced01f1ea3f1c59a59c44,0x25c7a05a201a814c43f89bd7593d922ee1a5ee36,269.23305101029,,,,SHI,erc20,"{'value': '0x0e985bf16f9ef6100e', 'address': '0xad996a45fd2373ed0b10efa4a8ecb9de445a4302', 'decimal': '0x12'}",{'blockTimestamp': '2022-03-31T10:51:43.000Z'}
990,0xdd26a8,0xd94e3472d1b86329aeb3d5811794bb9f73542b2ddb48c2cd174df981dba12809:log:154,0xd94e3472d1b86329aeb3d5811794bb9f73542b2ddb48c2cd174df981dba12809,0xc825dd260adc29b078eb4135679f22adb381488c,0xf4efa119b67af251449ced01f1ea3f1c59a59c44,73950.51316229704,,,,SHI,erc20,"{'value': '0x0fa8dd87aa7f9350bd80', 'address': '0xad996a45fd2373ed0b10efa4a8ecb9de445a4302', 'decimal': '0x12'}",{'blockTimestamp': '2022-03-31T10:16:35.000Z'}
991,0xdd26a7,0x7f3ee7a36c3ca2864d784ed75ea3e3b1b7de99e2ff694970dbf372cfe49208a5:log:82,0x7f3ee7a36c3ca2864d784ed75ea3e3b1b7de99e2ff694970dbf372cfe49208a5,0x0000000000000000000000000000000000000000,0xc825dd260adc29b078eb4135679f22adb381488c,73950.51316229704,,,,SHI,erc20,"{'value': '0x0fa8dd87aa7f9350bd80', 'address': '0xad996a45fd2373ed0b10efa4a8ecb9de445a4302', 'decimal': '0x12'}",{'blockTimestamp': '2022-03-31T10:16:15.000Z'}
992,0xdd26a0,0xb24e5c73a496d4a25fdb625c662fb17ef140d97f9aef4754892035fd9c19af41:log:26,0xb24e5c73a496d4a25fdb625c662fb17ef140d97f9aef4754892035fd9c19af41,0x67ebc532d648e6164a6fd726ff0b39e69180dafe,0xf4efa119b67af251449ced01f1ea3f1c59a59c44,157130.79001582068,,,,SHI,erc20,"{'value': '0x214613c30cc88ff76c26', 'address': '0xad996a45fd2373ed0b10efa4a8ecb9de445a4302', 'decimal': '0x12'}",{'blockTimestamp': '2022-03-31T10:14:54.000Z'}
993,0xdd269e,0xa8a261939847cb887eddbb89907bf63a73158917875d553869b672e532b2245a:log:19,0xa8a261939847cb887eddbb89907bf63a73158917875d553869b672e532b2245a,0x0000000000000000000000000000000000000000,0x67ebc532d648e6164a6fd726ff0b39e69180dafe,157130.79001582068,,,,SHI,erc20,"{'value': '0x214613c30cc88ff76c26', 'address': '0xad996a45fd2373ed0b10efa4a8ecb9de445a4302', 'decimal': '0x12'}",{'blockTimestamp': '2022-03-31T10:14:39.000Z'}
994,0xdd269c,0xe61f338d21d11090212158b4a8adf276fd3f6efd28716885a3879b85f3f125c1:log:536,0xe61f338d21d11090212158b4a8adf276fd3f6efd28716885a3879b85f3f125c1,0xf4efa119b67af251449ced01f1ea3f1c59a59c44,0x3610bfbc47b5ba99617f423b52fd6743e830486c,26066.05379148919,,,,SHI,erc20,"{'value': '0x05850b29db7cd1549735', 'address': '0xad996a45fd2373ed0b10efa4a8ecb9de445a4302', 'decimal': '0x12'}",{'blockTimestamp': '2022-03-31T10:13:41.000Z'}
995,0xdd2697,0xd0ba0f1ce551c3e283e1b2abe08719a3fb1cd85be38420419d34ce9023fa78fa:log:43,0xd0ba0f1ce551c3e283e1b2abe08719a3fb1cd85be38420419d34ce9023fa78fa,0xc825dd260adc29b078eb4135679f22adb381488c,0xf4efa119b67af251449ced01f1ea3f1c59a59c44,107724.78138339744,,,,SHI,erc20,"{'value': '0x16cfc5a85dd8d0e3f980', 'address': '0xad996a45fd2373ed0b10efa4a8ecb9de445a4302', 'decimal': '0x12'}",{'blockTimestamp': '2022-03-31T10:12:29.000Z'}
996,0xdd2692,0x096c2149ff475e407a11da98015eaff93f250fe8df3eb46662b2b9cdb83b826a:log:130,0x096c2149ff475e407a11da98015eaff93f250fe8df3eb46662b2b9cdb83b826a,0x0000000000000000000000000000000000000000,0xc825dd260adc29b078eb4135679f22adb381488c,107724.78138339744,,,,SHI,erc20,"{'value': '0x16cfc5a85dd8d0e3f980', 'address': '0xad996a45fd2373ed0b10efa4a8ecb9de445a4302', 'decimal': '0x12'}",{'blockTimestamp': '2022-03-31T10:11:03.000Z'}
997,0xdd268f,0xcc7a63f2b2b49a8faaabe7448a45abf0a80f65b1fe9f2d78b58e25fcef548d85:log:693,0xcc7a63f2b2b49a8faaabe7448a45abf0a80f65b1fe9f2d78b58e25fcef548d85,0xf4efa119b67af251449ced01f1ea3f1c59a59c44,0x3610bfbc47b5ba99617f423b52fd6743e830486c,150856.41807752344,,,,SHI,erc20,"{'value': '0x1ff1f15c09f309134ff9', 'address': '0xad996a45fd2373ed0b10efa4a8ecb9de445a4302', 'decimal': '0x12'}",{'blockTimestamp': '2022-03-31T10:10:31.000Z'}
998,0xdd2688,0x64bad9b1766900fc7d7f6b20ab3171410bb3116662be9af63b66fdbb81eeeaf9:log:36,0x64bad9b1766900fc7d7f6b20ab3171410bb3116662be9af63b66fdbb81eeeaf9,0x000000000035b5e5ad9019092c665357240f594e,0xf4efa119b67af251449ced01f1ea3f1c59a59c44,17541.894023228244,,,,SHI,erc20,"{'value': '0x03b6f2aed93033538623', 'address': '0xad996a45fd2373ed0b10efa4a8ecb9de445a4302', 'decimal': '0x12'}",{'blockTimestamp': '2022-03-31T10:08:30.000Z'}
999,0xdd2688,0xdcd80b68da4c0dba98ea47cdc2436a9441b59d04918644faeed60824ce907dbb:log:31,0xdcd80b68da4c0dba98ea47cdc2436a9441b59d04918644faeed60824ce907dbb,0xf4efa119b67af251449ced01f1ea3f1c59a59c44,0x3610bfbc47b5ba99617f423b52fd6743e830486c,156971.28746488717,,,,SHI,erc20,"{'value': '0x213d6e3827ca459fd433', 'address': '0xad996a45fd2373ed0b10efa4a8ecb9de445a4302', 'decimal': '0x12'}",{'blockTimestamp': '2022-03-31T10:08:30.000Z'}
0,0xdd2688,0x5016fd0d14f03adaebe0f431b02469346fda355a18ec32b35598d338e571fa1c:log:28,0x5016fd0d14f03adaebe0f431b02469346fda355a18ec32b35598d338e571fa1c,0xf4efa119b67af251449ced01f1ea3f1c59a59c44,0x000000000035b5e5ad9019092c665357240f594e,17541.894023228244,,,,SHI,erc20,"{'value': '0x03b6f2aed93033538624', 'address': '0xad996a45fd2373ed0b10efa4a8ecb9de445a4302', 'decimal': '0x12'}",{'blockTimestamp': '2022-03-31T10:08:30.000Z'}
1,0xdd2599,0x6b814e9fe6f2bcbaa28137e3958a95978962b8b28d7e2979b9983a85709ce61d:log:935,0x6b814e9fe6f2bcbaa28137e3958a95978962b8b28d7e2979b9983a85709ce61d,0xece3c248801a384ad9e670c7b438953db82e866e,0xf51a0b2b341f3097eda72d5af0cbfab6f1f7e9ec,250000.0,,,,SHI,erc20,"{'value': '0x34f086f3b33b68400000', 'address': '0xad996a45fd2373ed0b10efa4a8ecb9de445a4302', 'decimal': '0x12'}",{'blockTimestamp': '2022-03-31T09:15:01.000Z'}
2,0xdd257c,0x6107e1ec87b58c417282d961010aa4f058094f978808fd2b432ff5479e8582f8:log:168,0x6107e1ec87b58c417282d961010aa4f058094f978808fd2b432ff5479e8582f8,0xece3c248801a384ad9e670c7b438953db82e866e,0x39c2ffd5fabd04e2816ff59fa3c2efbf91f2fd02,141000.0,,,,SHI,erc20,"{'value': '0x1ddba014b5fb9e200000', 'address': '0xad996a45fd2373ed0b10efa4a8ecb9de445a4302', 'decimal': '0x12'}",{'blockTimestamp': '2022-03-31T09:09:47.000Z'}
3,0xdd23b8,0xd2b04500c31b217017f3a1d70ca84d0818ead4c9060f4f98b19644184ea7560e:log:260,0xd2b04500c31b217017f3a1d70ca84d0818ead4c9060f4f98b19644184ea7560e,0x74de5d4fcbf63e00296fd95d33236b9794016631,0x1acf6d1bb4228a349897130e15dfff3245c10c3e,1066.5454565731336,,,,SHI,erc20,"{'value': '0x39d14aa1f4086f4b65', 'address': '0xad996a45fd2373ed0b10efa4a8ecb9de445a4302', 'decimal': '0x12'}",{'blockTimestamp': '2022-03-31T07:30:56.000Z'}
4,0xdd23b8,0xd2b04500c31b217017f3a1d70ca84d0818ead4c9060f4f98b19644184ea7560e:log:257,0xd2b04500c31b217017f3a1d70ca84d0818ead4c9060f4f98b19644184ea7560e,0xf4efa119b67af251449ced01f1ea3f1c59a59c44,0x74de5d4fcbf63e00296fd95d33236b9794016631,1066.5454565731336,,,,SHI,erc20,"{'value': '0x39d14aa1f4086f4b65', 'address': '0xad996a45fd2373ed0b10efa4a8ecb9de445a4302', 'decimal': '0x12'}",{'blockTimestamp': '2022-03-31T07:30:56.000Z'}
5,0xdd1504,0x58221681e9d3ecfeedc41fb6c6b14d8a8a7ccffe87d03091d7fad36400d5f2f9:log:41,0x58221681e9d3ecfeedc41fb6c6b14d8a8a7ccffe87d03091d7fad36400d5f2f9,0x67ebc532d648e6164a6fd726ff0b39e69180dafe,0x0000000000000000000000000000000000000000,59689.21030324829,,,,SHI,erc20,"{'value': '0x0ca3c231ebd07c6ad146', 'address': '0xad996a45fd2373ed0b10efa4a8ecb9de445a4302', 'decimal': '0x12'}",{'blockTimestamp': '2022-03-30T17:15:49.000Z'}
6,0xdd1504,0x2a6b481e205c443cf73440ddf193883030904deb2299b2283d07b1064de7ca11:log:16,0x2a6b481e205c443cf73440ddf193883030904deb2299b2283d07b1064de7ca11,0xf4efa119b67af251449ced01f1ea3f1c59a59c44,0x67ebc532d648e6164a6fd726ff0b39e69180dafe,59689.21030324829,,,,SHI,erc20,"{'value': '0x0ca3c231ebd07c6ad0ee', 'address': '0xad996a45fd2373ed0b10efa4a8ecb9de445a4302', 'decimal': '0x12'}",{'blockTimestamp': '2022-03-30T17:15:49.000Z'}
7,0xdd14f8,0x486f968063a8dcdf0de83cc81b7840b0c440bc4d24a2f40765f056f3af1ef7b9:log:15,0x486f968063a8dcdf0de83cc81b7840b0c440bc4d24a2f40765f056f3af1ef7b9,0x67ebc532d648e6164a6fd726ff0b39e69180dafe,0x0000000000000000000000000000000000000000,60711.27017898517,,,,SHI,erc20,"{'value': '0x0cdb2a2005b1190054a4', 'address': '0xad996a45fd2373ed0b10efa4a8ecb9de445a4302', 'decimal': '0x12'}",{'blockTimestamp': '2022-03-30T17:13:53.000Z'}
8,0xdd14f8,0x44274227579216172dcc88ee744ab163b0f8b015ba3954553940619cd1a733c5:log:12,0x44274227579216172dcc88ee744ab163b0f8b015ba3954553940619cd1a733c5,0xf4efa119b67af251449ced01f1ea3f1c59a59c44,0x67ebc532d648e6164a6fd726ff0b39e69180dafe,60711.27017898517,,,,SHI,erc20,"{'value': '0x0cdb2a2005b1190054f7', 'address': '0xad996a45fd2373ed0b10efa4a8ecb9de445a4302', 'decimal': '0x12'}",{'blockTimestamp': '2022-03-30T17:13:53.000Z'}
9,0xdd13f6,0x048f4d535bc9ada72f0128ef83ab53ac5e448c15aefabeff57ee6a2c3bd37263:log:60,0x048f4d535bc9ada72f0128ef83ab53ac5e448c15aefabeff57ee6a2c3bd37263,0x67ebc532d648e6164a6fd726ff0b39e69180dafe,0x0000000000000000000000000000000000000000,60702.40851113588,,,,SHI,erc20,"{'value': '0x0cdaaf250dbbe6451990', 'address': '0xad996a45fd2373ed0b10efa4a8ecb9de445a4302', 'decimal': '0x12'}",{'blockTimestamp': '2022-03-30T16:17:51.000Z'}
10,0xdd13f5,0x5ddd10235d9943652989582b7608d5821737e584aeea9b449d7d0736bd0c2044:log:72,0x5ddd10235d9943652989582b7608d5821737e584aeea9b449d7d0736bd0c2044,0xf4efa119b67af251449ced01f1ea3f1c59a59c44,0x67ebc532d648e6164a6fd726ff0b39e69180dafe,60691.12379889159,,,,SHI,erc20,"{'value': '0x0cda1289b3bc9cc2e907', 'address': '0xad996a45fd2373ed0b10efa4a8ecb9de445a4302', 'decimal': '0x12'}",{'blockTimestamp': '2022-03-30T16:16:43.000Z'}
11,0xdd1371,0xfd551d0b1f86aec440eead5bdc4aee87679e252043ea563a35622ab4e2f6915b:log:250,0xfd551d0b1f86aec440eead5bdc4aee87679e252043ea563a35622ab4e2f6915b,0xad233db0ba3dcc071b0625921ea01720cf0aba9f,0x0000000000000000000000000000000000000000,85931.76088315481,,,,SHI,erc20,"{'value': '0x12325ebe553f5998ae6f', 'address': '0xad996a45fd2373ed0b10efa4a8ecb9de445a4302', 'decimal': '0x12'}",{'blockTimestamp': '2022-03-30T15:48:11.000Z'}
12,0xdd1368,0xb393767a07ce2466572f7b8e6fd3b21fccda6964cfacf27464d6a6bdd086064a:log:38,0xb393767a07ce2466572f7b8e6fd3b21fccda6964cfacf27464d6a6bdd086064a,0xf4efa119b67af251449ced01f1ea3f1c59a59c44,0xad233db0ba3dcc071b0625921ea01720cf0aba9f,85931.76088315481,,,,SHI,erc20,"{'value': '0x12325ebe553f5998ae6f', 'address': '0xad996a45fd2373ed0b10efa4a8ecb9de445a4302', 'decimal': '0x12'}",{'blockTimestamp': '2022-03-30T15:47:29.000Z'}
13,0xdd129b,0x338c8552f24464330bd61819e344a2cebbee9969aa72bb23bc8d8c3f03af9f41:log:13,0x338c8552f24464330bd61819e344a2cebbee9969aa72bb23bc8d8c3f03af9f41,0xad233db0ba3dcc071b0625921ea01720cf0aba9f,0x0000000000000000000000000000000000000000,76147.7588410486,,,,SHI,erc20,"{'value': '0x101ffa7071d0fd1bc514', 'address': '0xad996a45fd2373ed0b10efa4a8ecb9de445a4302', 'decimal': '0x12'}",{'blockTimestamp': '2022-03-30T15:00:54.000Z'}
14,0xdd129a,0x5ed578f7f0ffda1da88ffcc048ec696027744399b5a6e3b65a2419dbbb8303ff:log:406,0x5ed578f7f0ffda1da88ffcc048ec696027744399b5a6e3b65a2419dbbb8303ff,0xf4efa119b67af251449ced01f1ea3f1c59a59c44,0xad233db0ba3dcc071b0625921ea01720cf0aba9f,76147.7588410486,,,,SHI,erc20,"{'value': '0x101ffa7071d0fd1bc514', 'address': '0xad996a45fd2373ed0b10efa4a8ecb9de445a4302', 'decimal': '0x12'}",{'blockTimestamp': '2022-03-30T14:59:31.000Z'}
15,0xdd128f,0x433477dbbb4be623cd9a0253f5b07b2e206024a6ab091bdee2232f0fd0a45306:log:12,0x433477dbbb4be623cd9a0253f5b07b2e206024a6ab091bdee2232f0fd0a45306,0xa337321a3b9909aec6e7053ef8e8fdb24e4614f2,0xf4efa119b67af251449ced01f1ea3f1c59a59c44,2607758.1739676725,,,,SHI,erc20,"{'value': '0x022836da97a8a4e6c2b333', 'address': '0xad996a45fd2373ed0b10efa4a8ecb9de445a4302', 'decimal': '0x12'}",{'blockTimestamp': '2022-03-30T14:57:14.000Z'}
16,0xdd123a,0xa5fc29f69331f9e8d9cee9e8bfbbf80d1671ad357d669e1d83cafcd6fba5d4a6:log:146,0xa5fc29f69331f9e8d9cee9e8bfbbf80d1671ad357d669e1d83cafcd6fba5d4a6,0xa337321a3b9909aec6e7053ef8e8fdb24e4614f2,0xf4efa119b67af251449ced01f1ea3f1c59a59c44,18637.10905067541,,,,SHI,erc20,"{'value': '0x03f251d841f41d86025b', 'address': '0xad996a45fd2373ed0b10efa4a8ecb9de445a4302', 'decimal': '0x12'}",{'blockTimestamp': '2022-03-30T14:38:45.000Z'}
17,0xdd1021,0x3b92d0527cd09acbd39c329236bad4fc421b48c67c08338ab8b755e73d8c1b86:log:124,0x3b92d0527cd09acbd39c329236bad4fc421b48c67c08338ab8b755e73d8c1b86,0x925234a26563142289491b2cc06587bd41381724,0xa337321a3b9909aec6e7053ef8e8fdb24e4614f2,2626395.283013075,,,,SHI,erc20,"{'value': '0x022c292c6fe5cd54f473c1', 'address': '0xad996a45fd2373ed0b10efa4a8ecb9de445a4302', 'decimal': '0x12'}",{'blockTimestamp': '2022-03-30T12:35:36.000Z'}
18,0xdcffb6,0x2492e37e2dd925c25a7fa5f4568b29e41efd2d4e86a687ec4240784624449dc6:log:167,0x2492e37e2dd925c25a7fa5f4568b29e41efd2d4e86a687ec4240784624449dc6,0x925234a26563142289491b2cc06587bd41381724,0x5b2ba4711c08e51a0d241826b206be265a659437,563.7182674038929,,,,SHI,erc20,"{'value': '0x1e8f29997f17b332e6', 'address': '0xad996a45fd2373ed0b10efa4a8ecb9de445a4302', 'decimal': '0x12'}",{'blockTimestamp': '2022-03-29T20:55:24.000Z'}
19,0xdcfc78,0x713564a074e474f7c20aa6ab39cf5c7fa3ca1953400286277e56ce26a1a9250f:log:701,0x713564a074e474f7c20aa6ab39cf5c7fa3ca1953400286277e56ce26a1a9250f,0xe64ca754a3343dee70d55770b3c885b9dea72b5b,0xece3c248801a384ad9e670c7b438953db82e866e,1832334.0,,,,SHI,erc20,"{'value': '0x0184030671ee658d780000', 'address': '0xad996a45fd2373ed0b10efa4a8ecb9de445a4302', 'decimal': '0x12'}",{'blockTimestamp': '2022-03-29T17:50:10.000Z'}
20,0xdcfc23,0xdd6d787d90ea8861e6a17c9ffbd41e8ecade2c719eb3707b590d9a2048cb410b:log:77,0xdd6d787d90ea8861e6a17c9ffbd41e8ecade2c719eb3707b590d9a2048cb410b,0xad233db0ba3dcc071b0625921ea01720cf0aba9f,0x925234a26563142289491b2cc06587bd41381724,83673.62012559765,,,,SHI,erc20,"{'value': '0x11b7f4bec66447f91036', 'address': '0xad996a45fd2373ed0b10efa4a8ecb9de445a4302', 'decimal': '0x12'}",{'blockTimestamp': '2022-03-29T17:31:38.000Z'}
21,0xdcfc03,0x946576c0700b5ca8fd47ea20a6f189ba1073f3e1ec79ff9b180877b8b7b426fa:log:324,0x946576c0700b5ca8fd47ea20a6f189ba1073f3e1ec79ff9b180877b8b7b426fa,0x0000000000000000000000000000000000000000,0xad233db0ba3dcc071b0625921ea01720cf0aba9f,83673.62012559765,,,,SHI,erc20,"{'value': '0x11b7f4bec66447f91036', 'address': '0xad996a45fd2373ed0b10efa4a8ecb9de445a4302', 'decimal': '0x12'}",{'blockTimestamp': '2022-03-29T17:25:54.000Z'}
22,0xdcfbc0,0xf22e66da62f64d46ed97a0cf9b1d401081889a3ce28d7dd1061e2bed9f1fdd6f:log:301,0xf22e66da62f64d46ed97a0cf9b1d401081889a3ce28d7dd1061e2bed9f1fdd6f,0xe64ca754a3343dee70d55770b3c885b9dea72b5b,0xece3c248801a384ad9e670c7b438953db82e866e,1000.0,,,,SHI,erc20,"{'value': '0x3635c9adc5dea00000', 'address': '0xad996a45fd2373ed0b10efa4a8ecb9de445a4302', 'decimal': '0x12'}",{'blockTimestamp': '2022-03-29T17:11:03.000Z'}
23,0xdcfbbb,0x205c6a88b5d3faf4e337ebd6830eb4f4d9ca9d48ec5f6aaf7f36ac33e8d4060a:log:10,0x205c6a88b5d3faf4e337ebd6830eb4f4d9ca9d48ec5f6aaf7f36ac33e8d4060a,0x0000000000000000000000000000000000000000,0xe64ca754a3343dee70d55770b3c885b9dea72b5b,1838160.0,,,,SHI,erc20,"{'value': '0x01853eda6fd2ecff400000', 'address': '0xad996a45fd2373ed0b10efa4a8ecb9de445a4302', 'decimal': '0x12'}",{'blockTimestamp': '2022-03-29T17:10:24.000Z'}
24,0xdcfa02,0x0af897cba0162b3aa8ec24ab7e5bd1b7256b5242bab428bceb2e3ca2cb7b958e:log:235,0x0af897cba0162b3aa8ec24ab7e5bd1b7256b5242bab428bceb2e3ca2cb7b958e,0x925234a26563142289491b2cc06587bd41381724,0x5c0adf1a889527c036b06747a5133e164b4016ee,1001.0,,,,SHI,erc20,"{'value': '0x3643aa647986040000', 'address': '0xad996a45fd2373ed0b10efa4a8ecb9de445a4302', 'decimal': '0x12'}",{'blockTimestamp': '2022-03-29T15:35:49.000Z'}
25,0xdcf63b,0x77cad6f76d4722e1c255feb65c101f216eacdb3496b0ab414d7d6f8e29bb113c:log:418,0x77cad6f76d4722e1c255feb65c101f216eacdb3496b0ab414d7d6f8e29bb113c,0x925234a26563142289491b2cc06587bd41381724,0xe6f7ddfa087a10e6d47a6574f3aa78005dbc6c62,263.4637515844327,,,,SHI,erc20,"{'value': '0x0e484b462cdddee5d5', 'address': '0xad996a45fd2373ed0b10efa4a8ecb9de445a4302', 'decimal': '0x12'}",{'blockTimestamp': '2022-03-29T12:02:24.000Z'}
26,0xdce869,0x7e423f0bf937fd2fa8450407460c0e04d000ef7d3db00a3a5b420ee44bc6acfd:log:469,0x7e423f0bf937fd2fa8450407460c0e04d000ef7d3db00a3a5b420ee44bc6acfd,0xad233db0ba3dcc071b0625921ea01720cf0aba9f,0x925234a26563142289491b2cc06587bd41381724,53783.32120706517,,,,SHI,erc20,"{'value': '0x0b639984f193cd10395b', 'address': '0xad996a45fd2373ed0b10efa4a8ecb9de445a4302', 'decimal': '0x12'}",{'blockTimestamp': '2022-03-28T22:39:20.000Z'}
27,0xdce85c,0x9f8c833521191882cf2885b63713278df4344e5661c328abca7ce41578d75f6b:log:36,0x9f8c833521191882cf2885b63713278df4344e5661c328abca7ce41578d75f6b,0x0000000000000000000000000000000000000000,0xad233db0ba3dcc071b0625921ea01720cf0aba9f,53783.28,,,,SHI,erc20,"{'value': '0x0b6398f28bf84b180000', 'address': '0xad996a45fd2373ed0b10efa4a8ecb9de445a4302', 'decimal': '0x12'}",{'blockTimestamp': '2022-03-28T22:36:33.000Z'}
28,0xdcdb82,0x1b6366e267de478d683705b1bf557232384cbc4b64bc1f3410ee67442cf6a45a:log:560,0x1b6366e267de478d683705b1bf557232384cbc4b64bc1f3410ee67442cf6a45a,0x555727a4a3b5080320799b1c9ed4392655c9a5f2,0x925234a26563142289491b2cc06587bd41381724,12000.0,,,,SHI,erc20,"{'value': '0x028a857425466f800000', 'address': '0xad996a45fd2373ed0b10efa4a8ecb9de445a4302', 'decimal': '0x12'}",{'blockTimestamp': '2022-03-28T10:23:13.000Z'}
29,0xdcd167,0xb6973a46a7ff16f0ba13e5af92e53b71add921abeb325e1a5814cd9977be718b:log:250,0xb6973a46a7ff16f0ba13e5af92e53b71add921abeb325e1a5814cd9977be718b,0x1840758ac6311f74481148908a7386ca36688616,0x925234a26563142289491b2cc06587bd41381724,3494.3039494902387,,,,SHI,erc20,"{'value': '0xbd6d357072122cf2a3', 'address': '0xad996a45fd2373ed0b10efa4a8ecb9de445a4302', 'decimal': '0x12'}",{'blockTimestamp': '2022-03-28T00:47:16.000Z'}
30,0xdccf17,0xd22fe7e65d17a9fa8d756cda616455cf165eac2b4c283f9e9e0cf87abbf9ba69:log:18,0xd22fe7e65d17a9fa8d756cda616455cf165eac2b4c283f9e9e0cf87abbf9ba69,0xad233db0ba3dcc071b0625921ea01720cf0aba9f,0x0000000000000000000000000000000000000000,76498.5,,,,SHI,erc20,"{'value': '0x1032fdf35b938bba0000', 'address': '0xad996a45fd2373ed0b10efa4a8ecb9de445a4302', 'decimal': '0x12'}",{'blockTimestamp': '2022-03-27T22:32:30.000Z'}
31,0xdccf14,0xb8539fdcaa165dbfe2577747b7ff2f831a6a7e14626123dabd62fd8f0e7187bc:log:280,0xb8539fdcaa165dbfe2577747b7ff2f831a6a7e14626123dabd62fd8f0e7187bc,0x925234a26563142289491b2cc06587bd41381724,0xad233db0ba3dcc071b0625921ea01720cf0aba9f,76498.46801545276,,,,SHI,erc20,"{'value': '0x1032fd81b9ccd323aeb6', 'address': '0xad996a45fd2373ed0b10efa4a8ecb9de445a4302', 'decimal': '0x12'}",{'blockTimestamp': '2022-03-27T22:30:23.000Z'}
32,0xdccbd4,0x827f6ff988633c325b2e03b02e620d393e3c2a25dd4f5c7b2ba68588206ec333:log:104,0x827f6ff988633c325b2e03b02e620d393e3c2a25dd4f5c7b2ba68588206ec333,0xad233db0ba3dcc071b0625921ea01720cf0aba9f,0x0000000000000000000000000000000000000000,56616.600000000006,,,,SHI,erc20,"{'value': '0x0bfd31294465acdc0000', 'address': '0xad996a45fd2373ed0b10efa4a8ecb9de445a4302', 'decimal': '0x12'}",{'blockTimestamp': '2022-03-27T19:15:38.000Z'}
33,0xdccbd1,0xe0e31708aeb666b04787f67df7017f24e5408f92d79ee4851d549672d45b5a6d:log:83,0xe0e31708aeb666b04787f67df7017f24e5408f92d79ee4851d549672d45b5a6d,0x925234a26563142289491b2cc06587bd41381724,0xad233db0ba3dcc071b0625921ea01720cf0aba9f,56616.67319161242,,,,SHI,erc20,"{'value': '0x0bfd322d4bc7e76a8aa5', 'address': '0xad996a45fd2373ed0b10efa4a8ecb9de445a4302', 'decimal': '0x12'}",{'blockTimestamp': '2022-03-27T19:14:55.000Z'}
34,0xdccbb4,0xdf7ecacde01a123453b338cbe90ddba96c63a35623e3625bf5395e7931441625:log:341,0xdf7ecacde01a123453b338cbe90ddba96c63a35623e3625bf5395e7931441625,0x925234a26563142289491b2cc06587bd41381724,0xbd4c9c13952e3b6deed3f1baabb41a63ad502955,2501.6388327984305,,,,SHI,erc20,"{'value': '0x879d36802df94ae68d', 'address': '0xad996a45fd2373ed0b10efa4a8ecb9de445a4302', 'decimal': '0x12'}",{'blockTimestamp': '2022-03-27T19:08:11.000Z'}
35,0xdccb4f,0x15ace57e766f7bb7a645d35cb5cf96005ddc74e4e08935693390c8df5425db40:log:63,0x15ace57e766f7bb7a645d35cb5cf96005ddc74e4e08935693390c8df5425db40,0x67ebc532d648e6164a6fd726ff0b39e69180dafe,0x0000000000000000000000000000000000000000,66232.73044312555,,,,SHI,erc20,"{'value': '0x0e067bc76dfa2b0fee26', 'address': '0xad996a45fd2373ed0b10efa4a8ecb9de445a4302', 'decimal': '0x12'}",{'blockTimestamp': '2022-03-27T18:45:09.000Z'}
36,0xdccb4f,0x8cb5c552c11e58ff4dcd35e134e5be9976ed5a511cfe30fc0850c1b6cbb38a75:log:54,0x8cb5c552c11e58ff4dcd35e134e5be9976ed5a511cfe30fc0850c1b6cbb38a75,0x925234a26563142289491b2cc06587bd41381724,0x67ebc532d648e6164a6fd726ff0b39e69180dafe,66244.01515536984,,,,SHI,erc20,"{'value': '0x0e071862c7f974921eae', 'address': '0xad996a45fd2373ed0b10efa4a8ecb9de445a4302', 'decimal': '0x12'}",{'blockTimestamp': '2022-03-27T18:45:09.000Z'}
37,0xdcca3a,0xe9a351418bfd2543be457bda212124fe59e7fceb49449f6431b11eded66bd886:log:28,0xe9a351418bfd2543be457bda212124fe59e7fceb49449f6431b11eded66bd886,0x67ebc532d648e6164a6fd726ff0b39e69180dafe,0x0000000000000000000000000000000000000000,51828.88741609149,,,,SHI,erc20,"{'value': '0x0af9a64d47b88671f11e', 'address': '0xad996a45fd2373ed0b10efa4a8ecb9de445a4302', 'decimal': '0x12'}",{'blockTimestamp': '2022-03-27T17:46:18.000Z'}
38,0xdcca3a,0x570836faa3c821a3499eaee13084ec005b8fed1ba5b9456e0829b92fffcdb2c2:log:25,0x570836faa3c821a3499eaee13084ec005b8fed1ba5b9456e0829b92fffcdb2c2,0x925234a26563142289491b2cc06587bd41381724,0x67ebc532d648e6164a6fd726ff0b39e69180dafe,51828.88741609149,,,,SHI,erc20,"{'value': '0x0af9a64d47b88671f126', 'address': '0xad996a45fd2373ed0b10efa4a8ecb9de445a4302', 'decimal': '0x12'}",{'blockTimestamp': '2022-03-27T17:46:18.000Z'}
39,0xdcca18,0x994d2fe9da4934a72dbba9999b047de3d13388c68f9cf9e9a1b49fcc3c35e4b0:log:30,0x994d2fe9da4934a72dbba9999b047de3d13388c68f9cf9e9a1b49fcc3c35e4b0,0xad233db0ba3dcc071b0625921ea01720cf0aba9f,0x925234a26563142289491b2cc06587bd41381724,177713.01652563733,,,,SHI,erc20,"{'value': '0x25a1d788b626e855323f', 'address': '0xad996a45fd2373ed0b10efa4a8ecb9de445a4302', 'decimal': '0x12'}",{'blockTimestamp': '2022-03-27T17:37:59.000Z'}
40,0xdcca14,0x2906ceacc0fa3e1fb74363c0cca33db3f211ad6f314dfd2eeb5ef6559deab03b:log:4,0x2906ceacc0fa3e1fb74363c0cca33db3f211ad6f314dfd2eeb5ef6559deab03b,0x8176d7b793a73626880bc43dfd9a9f97d338ca88,0x925234a26563142289491b2cc06587bd41381724,122530.98,,,,SHI,erc20,"{'value': '0x19f26af0b90b6d2a0000', 'address': '0xad996a45fd2373ed0b10efa4a8ecb9de445a4302', 'decimal': '0x12'}",{'blockTimestamp': '2022-03-27T17:37:46.000Z'}
41,0xdcca11,0x881fc4e0d46f7a8136d027a72244897c55053417193f0e068a4a7f5c4fadc5b4:log:93,0x881fc4e0d46f7a8136d027a72244897c55053417193f0e068a4a7f5c4fadc5b4,0x0000000000000000000000000000000000000000,0xad233db0ba3dcc071b0625921ea01720cf0aba9f,177712.97999999998,,,,SHI,erc20,"{'value': '0x25a1d706f24742a20000', 'address': '0xad996a45fd2373ed0b10efa4a8ecb9de445a4302', 'decimal': '0x12'}",{'blockTimestamp': '2022-03-27T17:37:17.000Z'}
42,0xdcca10,0xd1232fa18ff8582ecc32e742c73347ae71f8a259262b8fffed0ab6fe83521542:log:129,0xd1232fa18ff8582ecc32e742c73347ae71f8a259262b8fffed0ab6fe83521542,0x0000000000000000000000000000000000000000,0x8176d7b793a73626880bc43dfd9a9f97d338ca88,122530.98,,,,SHI,erc20,"{'value': '0x19f26af0b90b6d2a0000', 'address': '0xad996a45fd2373ed0b10efa4a8ecb9de445a4302', 'decimal': '0x12'}",{'blockTimestamp': '2022-03-27T17:36:27.000Z'}
43,0xdcca10,0xb5eb6120e1ba19b01df295a90c3aa656cc2584fb34ebca83fcb1814d10beec7f:log:123,0xb5eb6120e1ba19b01df295a90c3aa656cc2584fb34ebca83fcb1814d10beec7f,0x8cc1665ee965345e79b132adb124782bad8c78e0,0x925234a26563142289491b2cc06587bd41381724,136452.03399827902,,,,SHI,erc20,"{'value': '0x1ce5145faf930277d209', 'address': '0xad996a45fd2373ed0b10efa4a8ecb9de445a4302', 'decimal': '0x12'}",{'blockTimestamp': '2022-03-27T17:36:27.000Z'}
44,0xdcca0c,0x700a884b38a4e840af65c62052dcc2d9a25a4b950ab18300bdd3c8f7164af23e:log:1,0x700a884b38a4e840af65c62052dcc2d9a25a4b950ab18300bdd3c8f7164af23e,0x0000000000000000000000000000000000000000,0x8cc1665ee965345e79b132adb124782bad8c78e0,136451.98,,,,SHI,erc20,"{'value': '0x1ce5139fd86cf20e0000', 'address': '0xad996a45fd2373ed0b10efa4a8ecb9de445a4302', 'decimal': '0x12'}",{'blockTimestamp': '2022-03-27T17:36:01.000Z'}
45,0xdcbb4d,0xaeed718fe6c957125166f8b5022d002c256b6d6f28f680ef24ae979bae9e64d7:log:188,0xaeed718fe6c957125166f8b5022d002c256b6d6f28f680ef24ae979bae9e64d7,0xd67b42794d3c807cc1e7b508de21c666a9631cfa,0x5fe476c65bcdc3c746cfdd87fa4a959432040d0f,1399.0,,,,SHI,erc20,"{'value': '0x4bd7066fc7c37c0000', 'address': '0xad996a45fd2373ed0b10efa4a8ecb9de445a4302', 'decimal': '0x12'}",{'blockTimestamp': '2022-03-27T03:37:37.000Z'}
46,0xdcbb00,0x6c2844f7856d0d24638af6f14c3358c443fa5af037b1602295c657d03a2c18e5:log:390,0x6c2844f7856d0d24638af6f14c3358c443fa5af037b1602295c657d03a2c18e5,0x925234a26563142289491b2cc06587bd41381724,0xd67b42794d3c807cc1e7b508de21c666a9631cfa,4290.972392426185,,,,SHI,erc20,"{'value': '0xe89d34505d92d1eab0', 'address': '0xad996a45fd2373ed0b10efa4a8ecb9de445a4302', 'decimal': '0x12'}",{'blockTimestamp': '2022-03-27T03:19:41.000Z'}
47,0xdcbafa,0x7b2a972f817e09ae5f00ddb26734f38c07b72b8485123d0c8b2aead8878f8ead:log:186,0x7b2a972f817e09ae5f00ddb26734f38c07b72b8485123d0c8b2aead8878f8ead,0x925234a26563142289491b2cc06587bd41381724,0xd67b42794d3c807cc1e7b508de21c666a9631cfa,644.902185556395,,,,SHI,erc20,"{'value': '0x22f5d0d0ece1fa1e5e', 'address': '0xad996a45fd2373ed0b10efa4a8ecb9de445a4302', 'decimal': '0x12'}",{'blockTimestamp': '2022-03-27T03:17:23.000Z'}
48,0xdcb91a,0x20865a7ecfa54aec5698604699b211f7b42804ec94d95374938d38fead63574b:log:355,0x20865a7ecfa54aec5698604699b211f7b42804ec94d95374938d38fead63574b,0x925234a26563142289491b2cc06587bd41381724,0x1840758ac6311f74481148908a7386ca36688616,3494.3039494902387,,,,SHI,erc20,"{'value': '0xbd6d357072122cf2a3', 'address': '0xad996a45fd2373ed0b10efa4a8ecb9de445a4302', 'decimal': '0x12'}",{'blockTimestamp': '2022-03-27T01:30:03.000Z'}
49,0xdcb39f,0x7314afe5b49513144bd29bf0d8e02004a46074798cdff4b8afcd6ea515c4e918:log:177,0x7314afe5b49513144bd29bf0d8e02004a46074798cdff4b8afcd6ea515c4e918,0x925234a26563142289491b2cc06587bd41381724,0xd67b42794d3c807cc1e7b508de21c666a9631cfa,1323.4770189454798,,,,SHI,erc20,"{'value': '0x47beeee8a62e3e6484', 'address': '0xad996a45fd2373ed0b10efa4a8ecb9de445a4302', 'decimal': '0x12'}",{'blockTimestamp': '2022-03-26T20:15:43.000Z'}
50,0xdc9834,0x86bc10f33a8238b8656b4e746f9b28608de8723eb61d0cee8e6ee45339ce6709:log:153,0x86bc10f33a8238b8656b4e746f9b28608de8723eb61d0cee8e6ee45339ce6709,0x0000000000000000000000000000000000000000,0x723c0c494c851d0cbee61879bd97d709fedd2e03,8976.98,,,,SHI,erc20,"{'value': '0x01e6a49fa3ebea220000', 'address': '0xad996a45fd2373ed0b10efa4a8ecb9de445a4302', 'decimal': '0x12'}",{'blockTimestamp': '2022-03-25T17:53:14.000Z'}
51,0xdc97cf,0xf6bc196f7a96076625469d2f3b49b9a50799b28bf7c60f4101acd999ea841759:log:396,0xf6bc196f7a96076625469d2f3b49b9a50799b28bf7c60f4101acd999ea841759,0x555727a4a3b5080320799b1c9ed4392655c9a5f2,0x723c0c494c851d0cbee61879bd97d709fedd2e03,1200.0,,,,SHI,erc20,"{'value': '0x410d586a20a4c00000', 'address': '0xad996a45fd2373ed0b10efa4a8ecb9de445a4302', 'decimal': '0x12'}",{'blockTimestamp': '2022-03-25T17:30:05.000Z'}
52,0xdc90d7,0xad9f812b32779f6aedb0771a06bf10022de07710c6b8fdf4a85050a941349225:log:185,0xad9f812b32779f6aedb0771a06bf10022de07710c6b8fdf4a85050a941349225,0x0000000000000000000000000000000000000000,0xb5159522754aed16070f019ed7ef5da9c9f6f14e,8975.98,,,,SHI,erc20,"{'value': '0x01e696beed3842be0000', 'address': '0xad996a45fd2373ed0b10efa4a8ecb9de445a4302', 'decimal': '0x12'}",{'blockTimestamp': '2022-03-25T10:52:05.000Z'}
53,0xdc90b3,0xc7dc5263608ce05afe9043e12d8405997cd9c8d3752f70ad324d31cd0bdb8be8:log:105,0xc7dc5263608ce05afe9043e12d8405997cd9c8d3752f70ad324d31cd0bdb8be8,0x0000000000000000000000000000000000000000,0x555727a4a3b5080320799b1c9ed4392655c9a5f2,13976.98,,,,SHI,erc20,"{'value': '0x02f5b19008c943420000', 'address': '0xad996a45fd2373ed0b10efa4a8ecb9de445a4302', 'decimal': '0x12'}",{'blockTimestamp': '2022-03-25T10:44:00.000Z'}
54,0xdc8f9d,0x4711305107697ed6ca7804f7ec3b66387ec7a4f303fbbc8147e9065525ce1627:log:423,0x4711305107697ed6ca7804f7ec3b66387ec7a4f303fbbc8147e9065525ce1627,0x925234a26563142289491b2cc06587bd41381724,0x555727a4a3b5080320799b1c9ed4392655c9a5f2,1286.9137468916153,,,,SHI,erc20,"{'value': '0x45c384126fc9b0dcc0', 'address': '0xad996a45fd2373ed0b10efa4a8ecb9de445a4302', 'decimal': '0x12'}",{'blockTimestamp': '2022-03-25T09:44:15.000Z'}
55,0xdc77cc,0x347ecd48ce38abec7ce643464bb4500649040b10aa962731262df8d13fdbb774:log:2,0x347ecd48ce38abec7ce643464bb4500649040b10aa962731262df8d13fdbb774,0xad233db0ba3dcc071b0625921ea01720cf0aba9f,0x0000000000000000000000000000000000000000,55350.700000000004,,,,SHI,erc20,"{'value': '0x0bb89145056c3dde0000', 'address': '0xad996a45fd2373ed0b10efa4a8ecb9de445a4302', 'decimal': '0x12'}",{'blockTimestamp': '2022-03-24T11:05:50.000Z'}
56,0xdc77ca,0x2e5bebe4205f7c91d29d680bf5a79c3564b9635231394fb16287643f6527570a:log:113,0x2e5bebe4205f7c91d29d680bf5a79c3564b9635231394fb16287643f6527570a,0x925234a26563142289491b2cc06587bd41381724,0xad233db0ba3dcc071b0625921ea01720cf0aba9f,55350.73652563732,,,,SHI,erc20,"{'value': '0x0bb891c6c94be391323f', 'address': '0xad996a45fd2373ed0b10efa4a8ecb9de445a4302', 'decimal': '0x12'}",{'blockTimestamp': '2022-03-24T11:05:05.000Z'}
57,0xdc63f9,0x40d436d4cbfe73c184d20e8e8a615bc66e05610f13f679cde2bdffb961054ff5:log:86,0x40d436d4cbfe73c184d20e8e8a615bc66e05610f13f679cde2bdffb961054ff5,0x925234a26563142289491b2cc06587bd41381724,0xedd7ce31485360bd159f4af1fe6d0a20d66d42d1,1139.230536398552,,,,SHI,erc20,"{'value': '0x3dc1ffe8f3d16aaff4', 'address': '0xad996a45fd2373ed0b10efa4a8ecb9de445a4302', 'decimal': '0x12'}",{'blockTimestamp': '2022-03-23T16:01:39.000Z'}
58,0xdc6381,0xae35f30d383f35ee38c20d1812ada5268c5f846da935493a7368a53e8b12d1a3:log:47,0xae35f30d383f35ee38c20d1812ada5268c5f846da935493a7368a53e8b12d1a3,0x8cc1665ee965345e79b132adb124782bad8c78e0,0x0000000000000000000000000000000000000000,43138.899999999994,,,,SHI,erc20,"{'value': '0x092290801e4feaa20000', 'address': '0xad996a45fd2373ed0b10efa4a8ecb9de445a4302', 'decimal': '0x12'}",{'blockTimestamp': '2022-03-23T15:35:46.000Z'}
59,0xdc637e,0xae641e02a95513937c85180a1eb07810652e03165af2895cc26debdcbf5e3dac:log:10,0xae641e02a95513937c85180a1eb07810652e03165af2895cc26debdcbf5e3dac,0x925234a26563142289491b2cc06587bd41381724,0x8cc1665ee965345e79b132adb124782bad8c78e0,43138.87576581882,,,,SHI,erc20,"{'value': '0x0922902a0573e9e5f963', 'address': '0xad996a45fd2373ed0b10efa4a8ecb9de445a4302', 'decimal': '0x12'}",{'blockTimestamp': '2022-03-23T15:35:32.000Z'}
60,0xdc6334,0x61fc69ed22e8d7909390b8e76bdcbdf10357475d584bb164fdc1ddc28b97bde4:log:59,0x61fc69ed22e8d7909390b8e76bdcbdf10357475d584bb164fdc1ddc28b97bde4,0x8cc1665ee965345e79b132adb124782bad8c78e0,0x0000000000000000000000000000000000000000,44313.00000000001,,,,SHI,erc20,"{'value': '0x096236693fa9ecc40000', 'address': '0xad996a45fd2373ed0b10efa4a8ecb9de445a4302', 'decimal': '0x12'}",{'blockTimestamp': '2022-03-23T15:19:27.000Z'}
61,0xdc6332,0xc835b4c26677590574eede71a55b3abec9752846fc881ba395fe0210212a05e0:log:504,0xc835b4c26677590574eede71a55b3abec9752846fc881ba395fe0210212a05e0,0x925234a26563142289491b2cc06587bd41381724,0x8cc1665ee965345e79b132adb124782bad8c78e0,44313.06948043757,,,,SHI,erc20,"{'value': '0x0962376017c0ed1447cb', 'address': '0xad996a45fd2373ed0b10efa4a8ecb9de445a4302', 'decimal': '0x12'}",{'blockTimestamp': '2022-03-23T15:18:49.000Z'}
62,0xdc62fb,0xe30b26695297b560a17bce2b0d577da4ef88b56e9d2d858277271da7d57d0565:log:70,0xe30b26695297b560a17bce2b0d577da4ef88b56e9d2d858277271da7d57d0565,0x8cc1665ee965345e79b132adb124782bad8c78e0,0x0000000000000000000000000000000000000000,45537.899999999994,,,,SHI,erc20,"{'value': '0x09a49d503bdd8cbe0000', 'address': '0xad996a45fd2373ed0b10efa4a8ecb9de445a4302', 'decimal': '0x12'}",{'blockTimestamp': '2022-03-23T15:03:52.000Z'}
63,0xdc62fa,0x6af44fd9411581f4877b06a3dc55538354106fbefb22603ce5b7fb34df00c0ae:log:174,0x6af44fd9411581f4877b06a3dc55538354106fbefb22603ce5b7fb34df00c0ae,0x925234a26563142289491b2cc06587bd41381724,0x8cc1665ee965345e79b132adb124782bad8c78e0,45537.908752022646,,,,SHI,erc20,"{'value': '0x09a49d6f53c89d9390db', 'address': '0xad996a45fd2373ed0b10efa4a8ecb9de445a4302', 'decimal': '0x12'}",{'blockTimestamp': '2022-03-23T15:03:44.000Z'}
64,0xdc5ffb,0x66f43521bddbb89a68213440dd8a9733c058b0ea3be770fd3d515b74af428e23:log:485,0x66f43521bddbb89a68213440dd8a9733c058b0ea3be770fd3d515b74af428e23,0x925234a26563142289491b2cc06587bd41381724,0x1753d3e254db740793dfb671d4a2bf66e0578161,111.0,,,,SHI,erc20,"{'value': '0x06046f37e5945c0000', 'address': '0xad996a45fd2373ed0b10efa4a8ecb9de445a4302', 'decimal': '0x12'}",{'blockTimestamp': '2022-03-23T12:17:21.000Z'}
65,0xdc5fdf,0xae896332647927d4d8136afbf2dd274703dfd78fa8ac72812b1004d4424028b7:log:352,0xae896332647927d4d8136afbf2dd274703dfd78fa8ac72812b1004d4424028b7,0x925234a26563142289491b2cc06587bd41381724,0xa03fc56332b91e6a3f12a86e9557fad5fe93a9ea,5000.0,,,,SHI,erc20,"{'value': '0x010f0cf064dd59200000', 'address': '0xad996a45fd2373ed0b10efa4a8ecb9de445a4302', 'decimal': '0x12'}",{'blockTimestamp': '2022-03-23T12:08:55.000Z'}
66,0xdc57ef,0xafd2a5b8ec03ecf7c9d6a8d2053c06423a75b64ff524a9fe6e33442263e1c1bf:log:283,0xafd2a5b8ec03ecf7c9d6a8d2053c06423a75b64ff524a9fe6e33442263e1c1bf,0xa337321a3b9909aec6e7053ef8e8fdb24e4614f2,0x925234a26563142289491b2cc06587bd41381724,2498000.0000142767,,,,SHI,erc20,"{'value': '0x0210f8d9f1b1c254a49b02', 'address': '0xad996a45fd2373ed0b10efa4a8ecb9de445a4302', 'decimal': '0x12'}",{'blockTimestamp': '2022-03-23T04:29:54.000Z'}
67,0xdc575a,0xbe88c259f59153eea24e3457d9910b428fbfa740fcef5bdd91dcbda1ec0f2418:log:268,0xbe88c259f59153eea24e3457d9910b428fbfa740fcef5bdd91dcbda1ec0f2418,0x986aec91f9a80e89b497eb6c2ba08761ccbec6d1,0x925234a26563142289491b2cc06587bd41381724,393.2667855840753,,,,SHI,erc20,"{'value': '0x1551ac49df3a8531ed', 'address': '0xad996a45fd2373ed0b10efa4a8ecb9de445a4302', 'decimal': '0x12'}",{'blockTimestamp': '2022-03-23T03:53:29.000Z'}
68,0xdc55f4,0x8b662cbe98313d9f0fdb07a5a9ed1873e52640447b0dd1866583eab37209f0f1:log:84,0x8b662cbe98313d9f0fdb07a5a9ed1873e52640447b0dd1866583eab37209f0f1,0x925234a26563142289491b2cc06587bd41381724,0x986aec91f9a80e89b497eb6c2ba08761ccbec6d1,393.2667855840753,,,,SHI,erc20,"{'value': '0x1551ac49df3a8531ed', 'address': '0xad996a45fd2373ed0b10efa4a8ecb9de445a4302', 'decimal': '0x12'}",{'blockTimestamp': '2022-03-23T02:33:13.000Z'}
69,0xdc55e8,0xfda388754aec62ef67c8a0ff8f8f26e4a06af818f1c534595a03bf8ac872a705:log:215,0xfda388754aec62ef67c8a0ff8f8f26e4a06af818f1c534595a03bf8ac872a705,0xa337321a3b9909aec6e7053ef8e8fdb24e4614f2,0x925234a26563142289491b2cc06587bd41381724,1999.9999804506726,,,,SHI,erc20,"{'value': '0x6c6b9349c40e86d732', 'address': '0xad996a45fd2373ed0b10efa4a8ecb9de445a4302', 'decimal': '0x12'}",{'blockTimestamp': '2022-03-23T02:31:18.000Z'}
70,0xdc459a,0x326bfa9c9e71a91d73a027604b265b18ed519a05b4db446ec2618fde4f122bec:log:112,0x326bfa9c9e71a91d73a027604b265b18ed519a05b4db446ec2618fde4f122bec,0xe0b87ec34e91b0a8dd2cdbf53fee239a60ff6522,0xa337321a3b9909aec6e7053ef8e8fdb24e4614f2,2500000.0,,,,SHI,erc20,"{'value': '0x0211654585005212800000', 'address': '0xad996a45fd2373ed0b10efa4a8ecb9de445a4302', 'decimal': '0x12'}",{'blockTimestamp': '2022-03-22T11:10:45.000Z'}
71,0xdc43e5,0xd778e8f6bec0c65582805ae9335e745e9f0dfdcdb2647161e06feaf20a89dc52:log:544,0xd778e8f6bec0c65582805ae9335e745e9f0dfdcdb2647161e06feaf20a89dc52,0xe64ca754a3343dee70d55770b3c885b9dea72b5b,0xe0b87ec34e91b0a8dd2cdbf53fee239a60ff6522,12499000.0,,,,SHI,erc20,"{'value': '0x0a56c425cf53d47de00000', 'address': '0xad996a45fd2373ed0b10efa4a8ecb9de445a4302', 'decimal': '0x12'}",{'blockTimestamp': '2022-03-22T09:28:11.000Z'}
72,0xdc43a9,0x8a0123d5addcb5d688335d88f75d379d5e1349697b92b4a3095f44c420ee1d6f:log:234,0x8a0123d5addcb5d688335d88f75d379d5e1349697b92b4a3095f44c420ee1d6f,0xe64ca754a3343dee70d55770b3c885b9dea72b5b,0xe0b87ec34e91b0a8dd2cdbf53fee239a60ff6522,1000.0,,,,SHI,erc20,"{'value': '0x3635c9adc5dea00000', 'address': '0xad996a45fd2373ed0b10efa4a8ecb9de445a4302', 'decimal': '0x12'}",{'blockTimestamp': '2022-03-22T09:16:34.000Z'}
73,0xdc2e0e,0x354a0954b1eafbabb8038fefb5b8faac046c4af0605784ebfc6648e8f93c3fda:log:47,0x354a0954b1eafbabb8038fefb5b8faac046c4af0605784ebfc6648e8f93c3fda,0x0000000000000000000000000000000000000000,0xe64ca754a3343dee70d55770b3c885b9dea72b5b,12500487.0,,,,SHI,erc20,"{'value': '0x0a5714c214915dcbbc0000', 'address': '0xad996a45fd2373ed0b10efa4a8ecb9de445a4302', 'decimal': '0x12'}",{'blockTimestamp': '2022-03-21T12:28:35.000Z'}
74,0xda7fac,0x128ffabda005e43167c0616943f04b47f71f740f3771376453ec39e2c9578630:log:39,0x128ffabda005e43167c0616943f04b47f71f740f3771376453ec39e2c9578630,0x0000000000000000000000000000000000000000,0x88037c28edec1bb45b3fc48b7fadab99879e7977,476.98,,,,SHI,erc20,"{'value': '0x19db6d5eda05d20000', 'address': '0xad996a45fd2373ed0b10efa4a8ecb9de445a4302', 'decimal': '0x12'}",{'blockTimestamp': '2022-03-04T09:03:57.000Z'}
